Subject	Block	NumRules	Rules	Logic	Problem	Choice	Accuracy
13005	1	1	Low	Non-Logic	3973	1180	1
13005	1	4	High	Logic	10554	1010	1
13005	1	1	Low	Logic	9014	1992	0
13005	1	3	High	Non-Logic	10540	1894	0
13005	2	3	High	Logic	18103	1969	0
13005	2	4	High	Non-Logic	9275	1969	0
13005	2	2	Low	Non-Logic	7100	1451	1
13005	2	2	Low	Logic	13596	1985	0
13005	3	2	Low	Logic	7924	889	0
13005	3	2	Low	Non-Logic	5410	1366	1
13005	3	4	High	Non-Logic	7995	1631	0
13005	3	3	High	Logic	7889	1978	0
13005	4	3	High	Non-Logic	5576	1983	0
13005	4	1	Low	Logic	13336	1048	0
13005	4	4	High	Logic	12352	1972	0
13005	4	1	Low	Non-Logic	7466	1230	1
13006	1	1	Low	Non-Logic	5906	1184	1
13006	1	3	High	Logic	13078	3576	1
13006	1	1	Low	Logic	18052	1158	0
13006	1	4	High	Non-Logic	30000	3082	0
13006	1	4	High	Logic	15275	2951	1
13006	1	3	High	Non-Logic	22141	1365	0
13006	1	2	Low	Non-Logic	10165	1888	0
13006	1	1	Low	Logic	12315	1517	1
13006	2	2	Low	Logic	22634	1669	0
13006	2	1	Low	Non-Logic	9245	2917	0
13006	2	4	High	Non-Logic	12045	4000	0
13006	2	4	High	Logic	21627	2685	0
13006	2	3	High	Non-Logic	30000	3905	0
13006	2	2	Low	Logic	12846	2507	1
13006	2	3	High	Logic	30000	3336	0
13007	1	2	Low	Non-Logic	2433	1085	0
13007	1	4	High	Logic	7775	4000	0
13007	1	1	Low	Logic	4875	4000	0
13007	1	3	High	Non-Logic	7822	1052	1
13007	1	3	High	Logic	12531	1611	1
13007	1	4	High	Non-Logic	6999	1017	0
13007	1	2	Low	Non-Logic	4675	1313	0
13007	1	2	Low	Logic	9488	1108	0
13007	2	1	Low	Logic	9506	1735	0
13007	2	1	Low	Non-Logic	4562	1377	1
13007	2	4	High	Non-Logic	4474	1529	0
13007	2	4	High	Logic	8955	1695	0
13007	2	3	High	Non-Logic	8434	2367	0
13007	2	2	Low	Logic	7536	1089	0
13007	2	3	High	Logic	7186	1194	0
13007	2	1	Low	Non-Logic	3600	738	1
13008	1	1	Low	Non-Logic	6370	1161	0
13008	1	3	High	Logic	6325	1037	1
13008	1	2	Low	Logic	11625	4000	0
13008	1	4	High	Non-Logic	7590	1665	0
13008	1	3	High	Logic	12066	1768	0
13008	1	3	High	Non-Logic	17848	2371	1
13008	1	2	Low	Non-Logic	11828	4000	0
13008	1	1	Low	Logic	13580	1140	0
13008	2	2	Low	Logic	17368	1683	0
13008	2	2	Low	Non-Logic	11077	1320	0
13008	2	3	High	Non-Logic	22797	2429	1
13008	2	4	High	Logic	23912	4000	0
13008	2	4	High	Non-Logic	11493	1908	1
13008	2	1	Low	Logic	8834	983	1
13008	2	4	High	Logic	19692	1962	1
13008	2	1	Low	Non-Logic	7138	1440	1
13009	1	2	Low	Non-Logic	19248	2231	0
13009	1	3	High	Logic	18733	4000	0
13009	1	1	Low	Logic	6223	2911	1
13009	1	4	High	Non-Logic	11304	2366	0
13009	1	4	High	Logic	11100	4000	0
13009	1	3	High	Non-Logic	12121	1288	0
13009	1	1	Low	Non-Logic	11155	2025	1
13009	1	2	Low	Logic	16425	1846	1
13009	2	2	Low	Logic	12464	1485	1
13009	2	2	Low	Non-Logic	6845	2229	1
13009	2	4	High	Non-Logic	13778	1690	1
13009	2	4	High	Logic	21758	4000	0
13009	2	3	High	Non-Logic	21498	1759	1
13009	2	1	Low	Logic	12400	1065	0
13009	2	3	High	Logic	27246	2330	0
13009	2	1	Low	Non-Logic	6525	2007	0
13010	1	1	Low	Non-Logic	5488	698	0
13010	1	4	High	Logic	8159	2259	0
13010	1	1	Low	Logic	9600	2710	0
13010	1	4	High	Non-Logic	11290	1737	1
13010	1	3	High	Logic	7078	4000	0
13010	1	3	High	Non-Logic	2933	1313	0
13010	1	2	Low	Non-Logic	3680	1470	0
13010	1	1	Low	Logic	4598	2111	0
13010	2	2	Low	Logic	3619	1071	0
13010	2	1	Low	Non-Logic	8250	1271	1
13010	2	3	High	Non-Logic	5273	2645	0
13010	2	3	High	Logic	5375	1861	0
13010	2	4	High	Non-Logic	7416	1514	1
13010	2	2	Low	Logic	4299	1561	0
13010	2	4	High	Logic	4813	1221	0
13010	2	2	Low	Non-Logic	4634	934	0
13011	1	1	Low	Non-Logic	15270	2822	1
13011	1	4	High	Logic	22438	4000	0
13011	1	1	Low	Logic	14991	1984	1
13011	1	3	High	Non-Logic	15319	4000	0
13011	1	3	High	Logic	18750	1761	1
13011	1	3	High	Non-Logic	28479	1648	0
13011	1	2	Low	Non-Logic	11807	1491	1
13011	1	2	Low	Logic	20169	1507	0
13011	2	2	Low	Logic	16184	1822	1
13011	2	2	Low	Non-Logic	10473	1724	1
13011	2	4	High	Non-Logic	14660	2196	1
13011	2	3	High	Logic	18597	1272	0
13011	2	4	High	Non-Logic	10527	2318	1
13011	2	1	Low	Logic	13966	907	0
13011	2	4	High	Logic	14024	1879	1
13011	2	1	Low	Non-Logic	11311	2965	1
13013	1	1	Low	Non-Logic	7828	1887	1
13013	1	4	High	Logic	14347	4000	0
13013	1	2	Low	Logic	20573	4000	0
13013	1	4	High	Non-Logic	26104	1832	0
13013	1	3	High	Logic	20324	2493	1
13013	1	3	High	Non-Logic	20542	1023	0
13013	1	2	Low	Non-Logic	11984	1247	1
13013	1	2	Low	Logic	28977	1536	1
13013	2	1	Low	Logic	9570	1258	0
13013	2	1	Low	Non-Logic	22973	1416	1
13013	2	3	High	Non-Logic	30000	2966	0
13013	2	4	High	Logic	29079	1351	1
13013	2	4	High	Non-Logic	11633	2746	0
13013	2	1	Low	Logic	10078	1697	1
13013	2	3	High	Logic	30000	2053	1
13013	2	2	Low	Non-Logic	8067	1030	0
13014	1	2	Low	Non-Logic	12698	4000	0
13014	1	3	High	Logic	13070	4000	0
13014	1	1	Low	Logic	7427	1862	0
13014	1	4	High	Non-Logic	8113	4000	0
13014	1	3	High	Logic	6891	2163	1
13014	1	4	High	Non-Logic	12389	4000	0
13014	1	1	Low	Non-Logic	2843	1209	1
13014	1	1	Low	Logic	8104	1883	0
13014	2	2	Low	Logic	7781	2747	1
13014	2	1	Low	Non-Logic	3773	1163	1
13014	2	3	High	Non-Logic	11642	2475	0
13014	2	4	High	Logic	13486	4000	0
13014	2	3	High	Non-Logic	6911	2737	1
13014	2	2	Low	Logic	8071	2245	0
13014	2	4	High	Logic	13490	2500	0
13014	2	2	Low	Non-Logic	5376	1756	1
13015	1	1	Low	Non-Logic	3926	1468	1
13015	1	4	High	Logic	8954	2263	0
13015	1	1	Low	Logic	4932	2663	0
13015	1	4	High	Non-Logic	4456	1987	1
13015	1	4	High	Logic	4499	1275	0
13015	1	3	High	Non-Logic	6506	2069	0
13015	1	2	Low	Non-Logic	7104	2518	1
13015	1	1	Low	Logic	7557	2593	1
13015	2	2	Low	Logic	11980	2934	0
13015	2	1	Low	Non-Logic	6999	2343	1
13015	2	3	High	Non-Logic	9716	4000	0
13015	2	3	High	Logic	10295	2381	0
13015	2	4	High	Non-Logic	10716	4000	0
13015	2	2	Low	Logic	4012	1278	0
13015	2	3	High	Logic	6028	2565	0
13015	2	2	Low	Non-Logic	4341	1077	1
13016	1	1	Low	Non-Logic	6555	1695	1
13016	1	4	High	Logic	20067	4000	0
13016	1	1	Low	Logic	18787	4000	0
13016	1	4	High	Non-Logic	21864	2712	1
13016	1	3	High	Logic	30000	2701	0
13016	1	3	High	Non-Logic	23659	4000	0
13016	1	1	Low	Non-Logic	7569	1614	0
13016	1	1	Low	Logic	10735	1101	1
13016	2	2	Low	Logic	30000	2599	0
13016	2	2	Low	Non-Logic	9824	1189	1
13016	2	4	High	Non-Logic	8401	1895	0
13016	2	4	High	Logic	25489	2980	0
13016	2	3	High	Non-Logic	13063	2055	0
13016	2	2	Low	Logic	9949	1026	0
13016	2	3	High	Logic	12030	4000	0
13016	2	2	Low	Non-Logic	9908	1726	0
13017	1	1	Low	Non-Logic	12326	2968	1
13017	1	4	High	Logic	15254	4000	0
13017	1	2	Low	Logic	14192	2134	0
13017	1	3	High	Non-Logic	13664	2623	1
13017	1	3	High	Logic	18052	2910	1
13017	1	3	High	Non-Logic	10432	4000	0
13017	1	2	Low	Non-Logic	15507	1635	1
13017	1	1	Low	Logic	18531	1590	0
13017	2	2	Low	Logic	15458	1468	0
13017	2	1	Low	Non-Logic	30000	2720	0
13017	2	4	High	Non-Logic	8888	2416	0
13017	2	4	High	Logic	30000	1858	1
13017	2	4	High	Non-Logic	24899	2320	0
13017	2	1	Low	Logic	21812	1162	1
13017	2	3	High	Logic	22667	2315	1
13017	2	2	Low	Non-Logic	13850	1731	1
13018	1	2	Low	Non-Logic	8976	1966	1
13018	1	4	High	Logic	14773	1972	0
13018	1	1	Low	Logic	13276	2568	0
13018	1	4	High	Non-Logic	10748	2793	1
13018	1	4	High	Logic	14507	2833	0
13018	1	4	High	Non-Logic	18761	2494	0
13018	1	1	Low	Non-Logic	5582	1297	1
13018	1	2	Low	Logic	17403	1789	0
13018	2	1	Low	Logic	20992	1536	0
13018	2	2	Low	Non-Logic	6453	1434	1
13018	2	3	High	Non-Logic	11351	1491	1
13018	2	3	High	Logic	7476	4000	0
13018	2	3	High	Non-Logic	20192	1830	1
13018	2	2	Low	Logic	18225	1706	0
13018	2	3	High	Logic	21678	1024	0
13018	2	1	Low	Non-Logic	7642	2239	0
13019	1	2	Low	Non-Logic	6379	2670	0
13019	1	3	High	Logic	10046	4000	0
13019	1	2	Low	Logic	10145	2348	1
13019	1	3	High	Non-Logic	8872	2147	1
13019	1	4	High	Logic	5666	2351	0
13019	1	3	High	Non-Logic	11002	2135	0
13019	1	1	Low	Non-Logic	4274	1302	0
13019	1	2	Low	Logic	10565	2372	0
13019	2	1	Low	Logic	23682	1837	0
13019	2	2	Low	Non-Logic	20678	2141	1
13019	2	4	High	Non-Logic	23854	1793	1
13019	2	3	High	Logic	30000	2437	0
13019	2	4	High	Non-Logic	6255	4000	0
13019	2	1	Low	Logic	20976	2695	0
13019	2	4	High	Logic	22727	2528	0
13019	2	1	Low	Non-Logic	6083	1620	0
13020	1	1	Low	Non-Logic	14906	1970	1
13020	1	3	High	Logic	30000	2864	0
13020	1	2	Low	Logic	18421	1272	1
13020	1	3	High	Non-Logic	22670	1553	0
13020	1	3	High	Logic	19312	4000	0
13020	1	3	High	Non-Logic	29235	1926	0
13020	1	2	Low	Non-Logic	6685	1340	1
13020	1	1	Low	Logic	9491	1238	1
13020	2	1	Low	Logic	9542	989	0
13020	2	1	Low	Non-Logic	9921	1648	1
13020	2	4	High	Non-Logic	25860	1403	1
13020	2	4	High	Logic	30000	1246	0
13020	2	4	High	Non-Logic	30000	1159	1
13020	2	2	Low	Logic	30000	1643	0
13020	2	4	High	Logic	30000	1808	0
13020	2	2	Low	Non-Logic	5754	1406	1
13021	1	2	Low	Non-Logic	7216	2023	1
13021	1	3	High	Logic	8101	4000	0
13021	1	1	Low	Logic	18653	1629	0
13021	1	3	High	Non-Logic	15340	4000	0
13021	1	4	High	Logic	10558	1450	0
13021	1	4	High	Non-Logic	15906	4000	0
13021	1	1	Low	Non-Logic	7623	4000	0
13021	1	2	Low	Logic	8390	1298	1
13021	2	2	Low	Logic	7261	553	0
13021	2	2	Low	Non-Logic	99	4000	0
13022	1	2	Low	Non-Logic	13306	4000	0
13022	1	4	High	Logic	16277	2380	1
13022	1	1	Low	Logic	18499	2001	0
13022	1	3	High	Non-Logic	14899	1258	0
13022	1	4	High	Logic	24845	2129	0
13022	1	4	High	Non-Logic	30000	1530	1
13022	1	1	Low	Non-Logic	11118	1169	1
13022	1	1	Low	Logic	21971	1685	0
13022	2	2	Low	Logic	26564	4000	0
13022	2	1	Low	Non-Logic	15628	1355	1
13022	2	3	High	Non-Logic	30000	1928	0
13022	2	3	High	Logic	12452	1919	1
13022	2	4	High	Non-Logic	18873	2192	1
13022	2	2	Low	Logic	30000	2167	0
13022	2	3	High	Logic	24642	1811	1
13022	2	2	Low	Non-Logic	11109	4000	0
13023	1	1	Low	Non-Logic	19038	2003	1
13023	1	3	High	Logic	30000	4000	0
13023	1	1	Low	Logic	30000	4000	0
13023	1	4	High	Non-Logic	14676	2322	1
13023	1	4	High	Logic	30000	2027	0
13023	1	3	High	Non-Logic	30000	4000	0
13023	1	1	Low	Non-Logic	8195	2172	1
13023	1	1	Low	Logic	30000	2027	0
13023	2	2	Low	Logic	21608	4000	0
13023	2	2	Low	Non-Logic	11011	1468	1
13023	2	4	High	Non-Logic	20111	2495	1
13023	2	4	High	Logic	30000	1535	0
13023	2	3	High	Non-Logic	17536	1868	1
13023	2	2	Low	Logic	19470	1346	1
13023	2	3	High	Logic	15688	4000	0
13023	2	2	Low	Non-Logic	7986	1975	1
13024	1	2	Low	Non-Logic	9484	2879	1
13024	1	3	High	Logic	19331	4000	0
13024	1	1	Low	Logic	11397	4000	0
13024	1	4	High	Non-Logic	8737	2889	0
13024	1	3	High	Logic	8823	4000	0
13024	1	4	High	Non-Logic	25599	1845	0
13024	1	1	Low	Non-Logic	9199	1828	0
13024	1	1	Low	Logic	11596	1500	0
13024	2	2	Low	Logic	30000	2072	0
13024	2	2	Low	Non-Logic	16029	1421	1
13024	2	3	High	Non-Logic	30000	4000	0
13024	2	4	High	Logic	30000	2029	1
13024	2	3	High	Non-Logic	13844	2916	1
13024	2	2	Low	Logic	19490	1260	0
13024	2	4	High	Logic	30000	1915	0
13024	2	1	Low	Non-Logic	5008	1527	1
13025	1	1	Low	Non-Logic	12965	1453	1
13025	1	4	High	Logic	26885	2335	0
13025	1	1	Low	Logic	29564	4000	0
13025	1	3	High	Non-Logic	18364	1555	1
13025	1	3	High	Logic	30000	1300	0
13025	1	4	High	Non-Logic	21055	1246	1
13025	1	2	Low	Non-Logic	30000	2031	0
13025	1	1	Low	Logic	25696	1613	1
13025	2	2	Low	Logic	12575	1595	1
13025	2	2	Low	Non-Logic	15793	1783	1
13025	2	3	High	Non-Logic	30000	1735	0
13025	2	4	High	Logic	30000	2105	0
13025	2	4	High	Non-Logic	30000	2350	1
13025	2	2	Low	Logic	30000	2302	0
13025	2	3	High	Logic	21656	2300	1
13025	2	1	Low	Non-Logic	12303	1997	1
13026	1	1	Low	Non-Logic	5241	4000	0
13026	1	4	High	Logic	7802	1910	0
13026	1	2	Low	Logic	7731	1558	0
13026	1	3	High	Non-Logic	10161	2653	0
13026	1	3	High	Logic	9834	4000	0
13026	1	4	High	Non-Logic	8392	1955	0
13026	1	2	Low	Non-Logic	5742	1996	0
13026	1	2	Low	Logic	8227	1960	0
13026	2	1	Low	Logic	10779	1039	1
13026	2	2	Low	Non-Logic	7924	1655	0
13026	2	3	High	Non-Logic	13959	1571	1
13026	2	4	High	Logic	16125	2820	0
13026	2	4	High	Non-Logic	9252	2451	0
13026	2	1	Low	Logic	11473	1447	0
13026	2	3	High	Logic	8705	2905	1
13026	2	1	Low	Non-Logic	5369	1339	1
13027	1	2	Low	Non-Logic	18434	4000	0
13027	1	3	High	Logic	19344	1775	0
13027	1	2	Low	Logic	26166	2100	1
13027	1	4	High	Non-Logic	25847	2085	1
13027	1	3	High	Logic	26703	1784	0
13027	1	3	High	Non-Logic	30000	2389	0
13027	1	1	Low	Non-Logic	13404	1397	1
13027	1	1	Low	Logic	8843	4000	0
13027	2	1	Low	Logic	24319	1057	1
13027	2	1	Low	Non-Logic	10129	1167	0
13027	2	4	High	Non-Logic	22251	1391	1
13027	2	4	High	Logic	26103	2804	0
13027	2	3	High	Non-Logic	15031	1412	1
13027	2	2	Low	Logic	30000	2251	0
13027	2	4	High	Logic	26058	2475	0
13027	2	2	Low	Non-Logic	8565	2234	1
13029	1	2	Low	Non-Logic	30000	1763	0
13029	1	3	High	Logic	30000	1830	0
13029	1	2	Low	Logic	22332	1562	1
13029	1	3	High	Non-Logic	30000	4000	0
13029	1	4	High	Logic	27459	2578	0
13029	1	3	High	Non-Logic	24599	1360	1
13029	1	1	Low	Non-Logic	27791	1824	1
13029	1	2	Low	Logic	30000	2603	0
13029	2	1	Low	Logic	15886	1273	0
13029	2	2	Low	Non-Logic	17885	2232	1
13029	2	4	High	Non-Logic	30000	2012	1
13029	2	4	High	Logic	30000	1704	1
13029	2	4	High	Non-Logic	30000	2203	1
13029	2	1	Low	Logic	30000	1908	1
13029	2	3	High	Logic	30000	4000	0
13029	2	1	Low	Non-Logic	10168	1538	1
13030	1	1	Low	Non-Logic	13773	1763	1
13030	1	3	High	Logic	30000	4000	0
13030	1	2	Low	Logic	16730	2738	1
13030	1	4	High	Non-Logic	19873	1509	1
13030	1	4	High	Logic	30000	1916	0
13030	1	3	High	Non-Logic	30000	4000	0
13030	1	2	Low	Non-Logic	10223	2060	1
13030	1	1	Low	Logic	18810	4000	0
13030	2	2	Low	Logic	30000	2985	0
13030	2	1	Low	Non-Logic	7421	1075	1
13030	2	3	High	Non-Logic	19584	2301	1
13030	2	4	High	Logic	22205	1302	0
13030	2	4	High	Non-Logic	22670	1786	1
13030	2	1	Low	Logic	23402	1642	0
13030	2	3	High	Logic	30000	1278	0
13030	2	2	Low	Non-Logic	17504	1396	0