TICKS, POS-REWARD, NEG-REWARD, INIT-VALUE-UPPR-BOUND, D1, D2, ACCURACY, PROBLEM-RT
20.0, 2.0, -0.5, 1.0, 1.0, 1.0, 1.0, 5.587667
20.0, 2.0, -0.5, 1.0, 1.0, 2.0, 0.0, 5.587333
20.0, 2.0, -0.5, 1.0, 1.0, 5.0, 0.6666667, 5.5750003
20.0, 2.0, -0.5, 1.0, 1.0, 10.0, 0.0, 5.5916667
20.0, 2.0, -0.5, 1.0, 2.0, 1.0, 0.0, 5.6456666
20.0, 2.0, -0.5, 1.0, 2.0, 2.0, 1.0, 5.577334
20.0, 2.0, -0.5, 1.0, 2.0, 5.0, 1.0, 5.5750003
20.0, 2.0, -0.5, 1.0, 2.0, 10.0, 0.33333334, 5.5839996
20.0, 2.0, -0.5, 1.0, 5.0, 1.0, 0.33333334, 5.5750003
20.0, 2.0, -0.5, 1.0, 5.0, 2.0, 0.6666667, 5.558334
20.0, 2.0, -0.5, 1.0, 5.0, 5.0, 0.6666667, 5.5646667
20.0, 2.0, -0.5, 1.0, 5.0, 10.0, 0.6666667, 5.603667
20.0, 2.0, -0.5, 1.0, 10.0, 1.0, 0.0, 5.558333
20.0, 2.0, -0.5, 1.0, 10.0, 2.0, 1.0, 5.5750003
20.0, 2.0, -0.5, 1.0, 10.0, 5.0, 0.6666667, 5.5916667
20.0, 2.0, -0.5, 1.0, 10.0, 10.0, 0.6666667, 5.991667
20.0, 2.0, -0.5, 2.0, 1.0, 1.0, 0.33333334, 5.6083336
20.0, 2.0, -0.5, 2.0, 1.0, 2.0, 0.6666667, 5.5750003
20.0, 2.0, -0.5, 2.0, 1.0, 5.0, 0.33333334, 5.5750003
20.0, 2.0, -0.5, 2.0, 1.0, 10.0, 0.6666667, 5.5673337
20.0, 2.0, -0.5, 2.0, 2.0, 1.0, 0.0, 5.5750003
20.0, 2.0, -0.5, 2.0, 2.0, 2.0, 0.6666667, 5.5786667
20.0, 2.0, -0.5, 2.0, 2.0, 5.0, 0.33333334, 5.5749993
20.0, 2.0, -0.5, 2.0, 2.0, 10.0, 0.0, 6.035333
20.0, 2.0, -0.5, 2.0, 5.0, 1.0, 0.0, 5.8256664
20.0, 2.0, -0.5, 2.0, 5.0, 2.0, 1.0, 5.5750003
20.0, 2.0, -0.5, 2.0, 5.0, 5.0, 0.6666667, 5.5470004
20.0, 2.0, -0.5, 2.0, 5.0, 10.0, 0.6666667, 5.8206673
20.0, 2.0, -0.5, 2.0, 10.0, 1.0, 0.33333334, 5.5416665
20.0, 2.0, -0.5, 2.0, 10.0, 2.0, 0.33333334, 5.6063333
20.0, 2.0, -0.5, 2.0, 10.0, 5.0, 0.0, 6.0399995
20.0, 2.0, -0.5, 2.0, 10.0, 10.0, 0.33333334, 5.5829997
20.0, 2.0, -0.5, 3.0, 1.0, 1.0, 0.6666667, 8.015
20.0, 2.0, -0.5, 3.0, 1.0, 2.0, 0.33333334, 8.252334
20.0, 2.0, -0.5, 3.0, 1.0, 5.0, 0.6666667, 6.8493333
20.0, 2.0, -0.5, 3.0, 1.0, 10.0, 1.0, 8.248333
20.0, 2.0, -0.5, 3.0, 2.0, 1.0, 0.6666667, 5.5916667
20.0, 2.0, -0.5, 3.0, 2.0, 2.0, 0.6666667, 8.668667
20.0, 2.0, -0.5, 3.0, 2.0, 5.0, 0.0, 5.6106668
20.0, 2.0, -0.5, 3.0, 2.0, 10.0, 0.6666667, 5.5916667
20.0, 2.0, -0.5, 3.0, 5.0, 1.0, 1.0, 5.5416665
20.0, 2.0, -0.5, 3.0, 5.0, 2.0, 0.33333334, 5.58
20.0, 2.0, -0.5, 3.0, 5.0, 5.0, 0.6666667, 5.6130004
20.0, 2.0, -0.5, 3.0, 5.0, 10.0, 1.0, 5.5416665
20.0, 2.0, -0.5, 3.0, 10.0, 1.0, 0.6666667, 5.558334
20.0, 2.0, -0.5, 3.0, 10.0, 2.0, 0.33333334, 5.5989995
20.0, 2.0, -0.5, 3.0, 10.0, 5.0, 0.6666667, 5.632
20.0, 2.0, -0.5, 3.0, 10.0, 10.0, 0.6666667, 5.5883336
20.0, 2.0, -0.5, 4.0, 1.0, 1.0, 1.0, 9.294666
20.0, 2.0, -0.5, 4.0, 1.0, 2.0, 0.6666667, 5.7916665
20.0, 2.0, -0.5, 4.0, 1.0, 5.0, 0.33333334, 5.603333
20.0, 2.0, -0.5, 4.0, 1.0, 10.0, 0.33333334, 5.5916667
20.0, 2.0, -0.5, 4.0, 2.0, 1.0, 0.33333334, 5.775
20.0, 2.0, -0.5, 4.0, 2.0, 2.0, 0.33333334, 5.7636666
20.0, 2.0, -0.5, 4.0, 2.0, 5.0, 0.6666667, 5.546
20.0, 2.0, -0.5, 4.0, 2.0, 10.0, 0.6666667, 6.0130005
20.0, 2.0, -0.5, 4.0, 5.0, 1.0, 0.6666667, 5.8543334
20.0, 2.0, -0.5, 4.0, 5.0, 2.0, 0.0, 5.565
20.0, 2.0, -0.5, 4.0, 5.0, 5.0, 1.0, 5.5916667
20.0, 2.0, -0.5, 4.0, 5.0, 10.0, 0.6666667, 5.604
20.0, 2.0, -0.5, 4.0, 10.0, 1.0, 0.6666667, 5.5750003
20.0, 2.0, -0.5, 4.0, 10.0, 2.0, 0.33333334, 5.7916675
20.0, 2.0, -0.5, 4.0, 10.0, 5.0, 0.33333334, 5.582333
20.0, 2.0, -0.5, 4.0, 10.0, 10.0, 1.0, 5.5749993
20.0, 2.0, -1.0, 1.0, 1.0, 1.0, 0.6666667, 5.5640006
20.0, 2.0, -1.0, 1.0, 1.0, 2.0, 0.33333334, 6.019666
20.0, 2.0, -1.0, 1.0, 1.0, 5.0, 0.33333334, 5.808333
20.0, 2.0, -1.0, 1.0, 1.0, 10.0, 1.0, 5.5866666
20.0, 2.0, -1.0, 1.0, 2.0, 1.0, 0.33333334, 5.5750003
20.0, 2.0, -1.0, 1.0, 2.0, 2.0, 0.0, 5.579
20.0, 2.0, -1.0, 1.0, 2.0, 5.0, 0.6666667, 5.5916667
20.0, 2.0, -1.0, 1.0, 2.0, 10.0, 0.6666667, 5.585333
20.0, 2.0, -1.0, 1.0, 5.0, 1.0, 0.33333334, 5.5749993
20.0, 2.0, -1.0, 1.0, 5.0, 2.0, 1.0, 5.591667
20.0, 2.0, -1.0, 1.0, 5.0, 5.0, 0.0, 6.032
20.0, 2.0, -1.0, 1.0, 5.0, 10.0, 1.0, 5.811334
20.0, 2.0, -1.0, 1.0, 10.0, 1.0, 1.0, 5.5916667
20.0, 2.0, -1.0, 1.0, 10.0, 2.0, 0.6666667, 5.5750003
20.0, 2.0, -1.0, 1.0, 10.0, 5.0, 0.6666667, 6.225
20.0, 2.0, -1.0, 1.0, 10.0, 10.0, 0.33333334, 5.5916667
20.0, 2.0, -1.0, 2.0, 1.0, 1.0, 0.33333334, 5.6
20.0, 2.0, -1.0, 2.0, 1.0, 2.0, 1.0, 5.558333
20.0, 2.0, -1.0, 2.0, 1.0, 5.0, 0.33333334, 5.5820003
20.0, 2.0, -1.0, 2.0, 1.0, 10.0, 1.0, 5.5916667
20.0, 2.0, -1.0, 2.0, 2.0, 1.0, 0.6666667, 5.5626674
20.0, 2.0, -1.0, 2.0, 2.0, 2.0, 0.33333334, 5.8536663
20.0, 2.0, -1.0, 2.0, 2.0, 5.0, 1.0, 5.558333
20.0, 2.0, -1.0, 2.0, 2.0, 10.0, 0.6666667, 5.5749993
20.0, 2.0, -1.0, 2.0, 5.0, 1.0, 0.6666667, 5.5750003
20.0, 2.0, -1.0, 2.0, 5.0, 2.0, 1.0, 5.835333
20.0, 2.0, -1.0, 2.0, 5.0, 5.0, 0.33333334, 5.582334
20.0, 2.0, -1.0, 2.0, 5.0, 10.0, 0.6666667, 5.558333
20.0, 2.0, -1.0, 2.0, 10.0, 1.0, 1.0, 6.2416673
20.0, 2.0, -1.0, 2.0, 10.0, 2.0, 0.0, 5.5749993
20.0, 2.0, -1.0, 2.0, 10.0, 5.0, 0.33333334, 5.5750003
20.0, 2.0, -1.0, 2.0, 10.0, 10.0, 0.0, 5.5766664
20.0, 2.0, -1.0, 3.0, 1.0, 1.0, 0.0, 5.5816665
20.0, 2.0, -1.0, 3.0, 1.0, 2.0, 1.0, 5.5750003
20.0, 2.0, -1.0, 3.0, 1.0, 5.0, 0.33333334, 5.5639997
20.0, 2.0, -1.0, 3.0, 1.0, 10.0, 0.6666667, 10.582665
20.0, 2.0, -1.0, 3.0, 2.0, 1.0, 0.33333334, 5.5603333
20.0, 2.0, -1.0, 3.0, 2.0, 2.0, 0.6666667, 5.5750003
20.0, 2.0, -1.0, 3.0, 2.0, 5.0, 0.6666667, 5.8123336
20.0, 2.0, -1.0, 3.0, 2.0, 10.0, 0.6666667, 5.6166673
20.0, 2.0, -1.0, 3.0, 5.0, 1.0, 0.33333334, 5.5926666
20.0, 2.0, -1.0, 3.0, 5.0, 2.0, 0.33333334, 5.5749993
20.0, 2.0, -1.0, 3.0, 5.0, 5.0, 0.0, 5.808334
20.0, 2.0, -1.0, 3.0, 5.0, 10.0, 0.6666667, 5.5916667
20.0, 2.0, -1.0, 3.0, 10.0, 1.0, 0.33333334, 5.5416665
20.0, 2.0, -1.0, 3.0, 10.0, 2.0, 0.0, 5.5750003
20.0, 2.0, -1.0, 3.0, 10.0, 5.0, 0.6666667, 5.559334
20.0, 2.0, -1.0, 3.0, 10.0, 10.0, 0.33333334, 5.5750003
20.0, 2.0, -1.0, 4.0, 1.0, 1.0, 0.6666667, 9.218333
20.0, 2.0, -1.0, 4.0, 1.0, 2.0, 1.0, 5.5916667
20.0, 2.0, -1.0, 4.0, 1.0, 5.0, 0.6666667, 9.706666
20.0, 2.0, -1.0, 4.0, 1.0, 10.0, 1.0, 9.235
20.0, 2.0, -1.0, 4.0, 2.0, 1.0, 1.0, 5.5916667
20.0, 2.0, -1.0, 4.0, 2.0, 2.0, 1.0, 5.5750003
20.0, 2.0, -1.0, 4.0, 2.0, 5.0, 0.6666667, 5.558333
20.0, 2.0, -1.0, 4.0, 2.0, 10.0, 0.6666667, 5.582334
20.0, 2.0, -1.0, 4.0, 5.0, 1.0, 0.0, 5.7916665
20.0, 2.0, -1.0, 4.0, 5.0, 2.0, 0.33333334, 5.5750003
20.0, 2.0, -1.0, 4.0, 5.0, 5.0, 1.0, 5.579333
20.0, 2.0, -1.0, 4.0, 5.0, 10.0, 1.0, 5.8016667
20.0, 2.0, -1.0, 4.0, 10.0, 1.0, 0.0, 6.012333
20.0, 2.0, -1.0, 4.0, 10.0, 2.0, 0.0, 5.558333
20.0, 2.0, -1.0, 4.0, 10.0, 5.0, 0.33333334, 5.586666
20.0, 2.0, -1.0, 4.0, 10.0, 10.0, 0.6666667, 5.558333
20.0, 2.0, -1.5, 1.0, 1.0, 1.0, 1.0, 5.5839996
20.0, 2.0, -1.5, 1.0, 1.0, 2.0, 0.0, 5.593333
20.0, 2.0, -1.5, 1.0, 1.0, 5.0, 0.6666667, 5.5749993
20.0, 2.0, -1.5, 1.0, 1.0, 10.0, 0.6666667, 5.596
20.0, 2.0, -1.5, 1.0, 2.0, 1.0, 0.6666667, 5.5916667
20.0, 2.0, -1.5, 1.0, 2.0, 2.0, 0.33333334, 5.844333
20.0, 2.0, -1.5, 1.0, 2.0, 5.0, 0.6666667, 5.5750003
20.0, 2.0, -1.5, 1.0, 2.0, 10.0, 0.6666667, 5.597
20.0, 2.0, -1.5, 1.0, 5.0, 1.0, 0.6666667, 5.5693336
20.0, 2.0, -1.5, 1.0, 5.0, 2.0, 0.0, 5.5750003
20.0, 2.0, -1.5, 1.0, 5.0, 5.0, 1.0, 5.5916667
20.0, 2.0, -1.5, 1.0, 5.0, 10.0, 0.33333334, 6.241667
20.0, 2.0, -1.5, 1.0, 10.0, 1.0, 0.33333334, 5.558333
20.0, 2.0, -1.5, 1.0, 10.0, 2.0, 1.0, 5.5923333
20.0, 2.0, -1.5, 1.0, 10.0, 5.0, 0.6666667, 6.2250004
20.0, 2.0, -1.5, 1.0, 10.0, 10.0, 0.6666667, 5.84
20.0, 2.0, -1.5, 2.0, 1.0, 1.0, 0.33333334, 5.558334
20.0, 2.0, -1.5, 2.0, 1.0, 2.0, 0.0, 5.5750003
20.0, 2.0, -1.5, 2.0, 1.0, 5.0, 0.33333334, 5.5750003
20.0, 2.0, -1.5, 2.0, 1.0, 10.0, 1.0, 5.5749993
20.0, 2.0, -1.5, 2.0, 2.0, 1.0, 0.33333334, 5.829333
20.0, 2.0, -1.5, 2.0, 2.0, 2.0, 1.0, 5.6263337
20.0, 2.0, -1.5, 2.0, 2.0, 5.0, 0.33333334, 5.591667
20.0, 2.0, -1.5, 2.0, 2.0, 10.0, 0.6666667, 7.026333
20.0, 2.0, -1.5, 2.0, 5.0, 1.0, 0.6666667, 5.6133327
20.0, 2.0, -1.5, 2.0, 5.0, 2.0, 0.6666667, 5.558333
20.0, 2.0, -1.5, 2.0, 5.0, 5.0, 0.6666667, 5.5916667
20.0, 2.0, -1.5, 2.0, 5.0, 10.0, 0.33333334, 5.5746665
20.0, 2.0, -1.5, 2.0, 10.0, 1.0, 0.0, 5.556
20.0, 2.0, -1.5, 2.0, 10.0, 2.0, 0.6666667, 5.5750003
20.0, 2.0, -1.5, 2.0, 10.0, 5.0, 0.6666667, 5.558333
20.0, 2.0, -1.5, 2.0, 10.0, 10.0, 0.33333334, 5.589334
20.0, 2.0, -1.5, 3.0, 1.0, 1.0, 0.33333334, 5.591667
20.0, 2.0, -1.5, 3.0, 1.0, 2.0, 0.33333334, 5.5486665
20.0, 2.0, -1.5, 3.0, 1.0, 5.0, 0.33333334, 8.031667
20.0, 2.0, -1.5, 3.0, 1.0, 10.0, 0.6666667, 5.558333
20.0, 2.0, -1.5, 3.0, 2.0, 1.0, 0.6666667, 5.5916667
20.0, 2.0, -1.5, 3.0, 2.0, 2.0, 0.33333334, 5.5750003
20.0, 2.0, -1.5, 3.0, 2.0, 5.0, 1.0, 5.5916667
20.0, 2.0, -1.5, 3.0, 2.0, 10.0, 0.33333334, 5.558333
20.0, 2.0, -1.5, 3.0, 5.0, 1.0, 0.0, 5.5916667
20.0, 2.0, -1.5, 3.0, 5.0, 2.0, 0.0, 5.560333
20.0, 2.0, -1.5, 3.0, 5.0, 5.0, 0.6666667, 5.5993333
20.0, 2.0, -1.5, 3.0, 5.0, 10.0, 1.0, 5.5886664
20.0, 2.0, -1.5, 3.0, 10.0, 1.0, 0.6666667, 5.616333
20.0, 2.0, -1.5, 3.0, 10.0, 2.0, 0.33333334, 5.579333
20.0, 2.0, -1.5, 3.0, 10.0, 5.0, 1.0, 5.5916667
20.0, 2.0, -1.5, 3.0, 10.0, 10.0, 0.33333334, 5.608667
20.0, 2.0, -1.5, 4.0, 1.0, 1.0, 0.6666667, 7.0416665
20.0, 2.0, -1.5, 4.0, 1.0, 2.0, 1.0, 5.5749993
20.0, 2.0, -1.5, 4.0, 1.0, 5.0, 0.6666667, 9.251667
20.0, 2.0, -1.5, 4.0, 1.0, 10.0, 1.0, 8.048333
20.0, 2.0, -1.5, 4.0, 2.0, 1.0, 0.33333334, 5.597
20.0, 2.0, -1.5, 4.0, 2.0, 2.0, 0.6666667, 5.5916667
20.0, 2.0, -1.5, 4.0, 2.0, 5.0, 0.6666667, 5.558333
20.0, 2.0, -1.5, 4.0, 2.0, 10.0, 0.33333334, 6.0236664
20.0, 2.0, -1.5, 4.0, 5.0, 1.0, 0.33333334, 5.558333
20.0, 2.0, -1.5, 4.0, 5.0, 2.0, 1.0, 5.5916667
20.0, 2.0, -1.5, 4.0, 5.0, 5.0, 0.0, 5.998999
20.0, 2.0, -1.5, 4.0, 5.0, 10.0, 0.33333334, 5.558334
20.0, 2.0, -1.5, 4.0, 10.0, 1.0, 0.6666667, 5.5916667
20.0, 2.0, -1.5, 4.0, 10.0, 2.0, 0.33333334, 5.5916667
20.0, 2.0, -1.5, 4.0, 10.0, 5.0, 1.0, 5.5750003
20.0, 2.0, -1.5, 4.0, 10.0, 10.0, 0.0, 5.6083336
20.0, 2.0, -2.0, 1.0, 1.0, 1.0, 0.33333334, 5.808334
20.0, 2.0, -2.0, 1.0, 1.0, 2.0, 0.0, 5.817333
20.0, 2.0, -2.0, 1.0, 1.0, 5.0, 1.0, 5.5750003
20.0, 2.0, -2.0, 1.0, 1.0, 10.0, 0.33333334, 5.6089997
20.0, 2.0, -2.0, 1.0, 2.0, 1.0, 1.0, 5.5750003
20.0, 2.0, -2.0, 1.0, 2.0, 2.0, 0.0, 5.5750003
20.0, 2.0, -2.0, 1.0, 2.0, 5.0, 1.0, 7.457667
20.0, 2.0, -2.0, 1.0, 2.0, 10.0, 0.6666667, 5.5750003
20.0, 2.0, -2.0, 1.0, 5.0, 1.0, 1.0, 5.5936666
20.0, 2.0, -2.0, 1.0, 5.0, 2.0, 0.33333334, 5.604667
20.0, 2.0, -2.0, 1.0, 5.0, 5.0, 1.0, 5.558333
20.0, 2.0, -2.0, 1.0, 5.0, 10.0, 1.0, 5.5750003
20.0, 2.0, -2.0, 1.0, 10.0, 1.0, 0.0, 6.191667
20.0, 2.0, -2.0, 1.0, 10.0, 2.0, 0.33333334, 5.558333
20.0, 2.0, -2.0, 1.0, 10.0, 5.0, 0.33333334, 5.5749993
20.0, 2.0, -2.0, 1.0, 10.0, 10.0, 0.6666667, 5.7910004
20.0, 2.0, -2.0, 2.0, 1.0, 1.0, 0.33333334, 5.5916667
20.0, 2.0, -2.0, 2.0, 1.0, 2.0, 0.0, 5.5750003
20.0, 2.0, -2.0, 2.0, 1.0, 5.0, 0.6666667, 5.5916667
20.0, 2.0, -2.0, 2.0, 1.0, 10.0, 0.33333334, 7.0629997
20.0, 2.0, -2.0, 2.0, 2.0, 1.0, 0.6666667, 5.5863338
20.0, 2.0, -2.0, 2.0, 2.0, 2.0, 0.0, 5.829666
20.0, 2.0, -2.0, 2.0, 2.0, 5.0, 0.33333334, 5.5750003
20.0, 2.0, -2.0, 2.0, 2.0, 10.0, 0.33333334, 5.618667
20.0, 2.0, -2.0, 2.0, 5.0, 1.0, 1.0, 5.822
20.0, 2.0, -2.0, 2.0, 5.0, 2.0, 0.33333334, 6.225
20.0, 2.0, -2.0, 2.0, 5.0, 5.0, 0.0, 5.5916667
20.0, 2.0, -2.0, 2.0, 5.0, 10.0, 0.33333334, 5.7983336
20.0, 2.0, -2.0, 2.0, 10.0, 1.0, 0.6666667, 5.6206665
20.0, 2.0, -2.0, 2.0, 10.0, 2.0, 1.0, 5.799666
20.0, 2.0, -2.0, 2.0, 10.0, 5.0, 1.0, 5.5923333
20.0, 2.0, -2.0, 2.0, 10.0, 10.0, 0.6666667, 5.558334
20.0, 2.0, -2.0, 3.0, 1.0, 1.0, 0.33333334, 5.61
20.0, 2.0, -2.0, 3.0, 1.0, 2.0, 0.6666667, 5.5750003
20.0, 2.0, -2.0, 3.0, 1.0, 5.0, 1.0, 9.251666
20.0, 2.0, -2.0, 3.0, 1.0, 10.0, 1.0, 9.744667
20.0, 2.0, -2.0, 3.0, 2.0, 1.0, 0.6666667, 5.558334
20.0, 2.0, -2.0, 3.0, 2.0, 2.0, 0.33333334, 5.5750003
20.0, 2.0, -2.0, 3.0, 2.0, 5.0, 0.0, 5.6083336
20.0, 2.0, -2.0, 3.0, 2.0, 10.0, 0.33333334, 7.261667
20.0, 2.0, -2.0, 3.0, 5.0, 1.0, 0.33333334, 5.608667
20.0, 2.0, -2.0, 3.0, 5.0, 2.0, 0.6666667, 6.0123334
20.0, 2.0, -2.0, 3.0, 5.0, 5.0, 0.33333334, 6.2083325
20.0, 2.0, -2.0, 3.0, 5.0, 10.0, 0.6666667, 6.2416673
20.0, 2.0, -2.0, 3.0, 10.0, 1.0, 0.33333334, 5.8213334
20.0, 2.0, -2.0, 3.0, 10.0, 2.0, 0.6666667, 5.558333
20.0, 2.0, -2.0, 3.0, 10.0, 5.0, 0.0, 5.8033333
20.0, 2.0, -2.0, 3.0, 10.0, 10.0, 1.0, 5.5916667
20.0, 2.0, -2.0, 4.0, 1.0, 1.0, 0.6666667, 5.5673337
20.0, 2.0, -2.0, 4.0, 1.0, 2.0, 0.0, 5.5916667
20.0, 2.0, -2.0, 4.0, 1.0, 5.0, 0.6666667, 5.558334
20.0, 2.0, -2.0, 4.0, 1.0, 10.0, 0.6666667, 9.307
20.0, 2.0, -2.0, 4.0, 2.0, 1.0, 0.6666667, 5.5750003
20.0, 2.0, -2.0, 4.0, 2.0, 2.0, 0.6666667, 5.605
20.0, 2.0, -2.0, 4.0, 2.0, 5.0, 0.33333334, 6.2250004
20.0, 2.0, -2.0, 4.0, 2.0, 10.0, 1.0, 5.601
20.0, 2.0, -2.0, 4.0, 5.0, 1.0, 0.33333334, 5.775
20.0, 2.0, -2.0, 4.0, 5.0, 2.0, 0.6666667, 5.624
20.0, 2.0, -2.0, 4.0, 5.0, 5.0, 0.0, 5.5589995
20.0, 2.0, -2.0, 4.0, 5.0, 10.0, 0.6666667, 5.5750003
20.0, 2.0, -2.0, 4.0, 10.0, 1.0, 1.0, 5.5766664
20.0, 2.0, -2.0, 4.0, 10.0, 2.0, 0.0, 5.5626664
20.0, 2.0, -2.0, 4.0, 10.0, 5.0, 0.0, 5.8443336
20.0, 2.0, -2.0, 4.0, 10.0, 10.0, 0.6666667, 5.595
20.0, 4.0, -0.5, 1.0, 1.0, 1.0, 0.6666667, 5.591667
20.0, 4.0, -0.5, 1.0, 1.0, 2.0, 0.0, 5.5416665
20.0, 4.0, -0.5, 1.0, 1.0, 5.0, 0.6666667, 5.572333
20.0, 4.0, -0.5, 1.0, 1.0, 10.0, 0.6666667, 5.6323333
20.0, 4.0, -0.5, 1.0, 2.0, 1.0, 0.6666667, 5.609333
20.0, 4.0, -0.5, 1.0, 2.0, 2.0, 0.6666667, 5.636667
20.0, 4.0, -0.5, 1.0, 2.0, 5.0, 0.33333334, 5.558333
20.0, 4.0, -0.5, 1.0, 2.0, 10.0, 0.0, 5.558333
20.0, 4.0, -0.5, 1.0, 5.0, 1.0, 0.0, 5.5923333
20.0, 4.0, -0.5, 1.0, 5.0, 2.0, 0.0, 5.986
20.0, 4.0, -0.5, 1.0, 5.0, 5.0, 0.6666667, 5.622667
20.0, 4.0, -0.5, 1.0, 5.0, 10.0, 0.6666667, 5.5423336
20.0, 4.0, -0.5, 1.0, 10.0, 1.0, 0.6666667, 5.6083336
20.0, 4.0, -0.5, 1.0, 10.0, 2.0, 0.0, 5.558333
20.0, 4.0, -0.5, 1.0, 10.0, 5.0, 0.6666667, 5.991667
20.0, 4.0, -0.5, 1.0, 10.0, 10.0, 1.0, 5.6083336
20.0, 4.0, -0.5, 2.0, 1.0, 1.0, 0.33333334, 5.6083336
20.0, 4.0, -0.5, 2.0, 1.0, 2.0, 0.6666667, 5.611666
20.0, 4.0, -0.5, 2.0, 1.0, 5.0, 1.0, 5.5786667
20.0, 4.0, -0.5, 2.0, 1.0, 10.0, 0.6666667, 5.558333
20.0, 4.0, -0.5, 2.0, 2.0, 1.0, 0.6666667, 5.558333
20.0, 4.0, -0.5, 2.0, 2.0, 2.0, 1.0, 5.5416665
20.0, 4.0, -0.5, 2.0, 2.0, 5.0, 0.33333334, 5.5416665
20.0, 4.0, -0.5, 2.0, 2.0, 10.0, 0.33333334, 5.558334
20.0, 4.0, -0.5, 2.0, 5.0, 1.0, 0.33333334, 5.657334
20.0, 4.0, -0.5, 2.0, 5.0, 2.0, 0.0, 5.991667
20.0, 4.0, -0.5, 2.0, 5.0, 5.0, 0.0, 6.191667
20.0, 4.0, -0.5, 2.0, 5.0, 10.0, 0.6666667, 5.558
20.0, 4.0, -0.5, 2.0, 10.0, 1.0, 0.6666667, 6.191666
20.0, 4.0, -0.5, 2.0, 10.0, 2.0, 0.6666667, 5.6083336
20.0, 4.0, -0.5, 2.0, 10.0, 5.0, 0.33333334, 5.8413334
20.0, 4.0, -0.5, 2.0, 10.0, 10.0, 0.6666667, 5.6300006
20.0, 4.0, -0.5, 3.0, 1.0, 1.0, 0.6666667, 5.6159997
20.0, 4.0, -0.5, 3.0, 1.0, 2.0, 0.0, 5.7916665
20.0, 4.0, -0.5, 3.0, 1.0, 5.0, 0.6666667, 5.6216664
20.0, 4.0, -0.5, 3.0, 1.0, 10.0, 1.0, 5.5916667
20.0, 4.0, -0.5, 3.0, 2.0, 1.0, 0.33333334, 5.5416665
20.0, 4.0, -0.5, 3.0, 2.0, 2.0, 0.0, 6.2416673
20.0, 4.0, -0.5, 3.0, 2.0, 5.0, 0.6666667, 6.025
20.0, 4.0, -0.5, 3.0, 2.0, 10.0, 0.0, 5.558334
20.0, 4.0, -0.5, 3.0, 5.0, 1.0, 1.0, 5.558333
20.0, 4.0, -0.5, 3.0, 5.0, 2.0, 1.0, 5.5646667
20.0, 4.0, -0.5, 3.0, 5.0, 5.0, 1.0, 5.615667
20.0, 4.0, -0.5, 3.0, 5.0, 10.0, 0.6666667, 5.5916667
20.0, 4.0, -0.5, 3.0, 10.0, 1.0, 0.6666667, 5.5916667
20.0, 4.0, -0.5, 3.0, 10.0, 2.0, 0.6666667, 5.558333
20.0, 4.0, -0.5, 3.0, 10.0, 5.0, 0.6666667, 5.5416665
20.0, 4.0, -0.5, 3.0, 10.0, 10.0, 0.33333334, 5.5916667
20.0, 4.0, -0.5, 4.0, 1.0, 1.0, 0.6666667, 5.6083336
20.0, 4.0, -0.5, 4.0, 1.0, 2.0, 0.33333334, 5.5916667
20.0, 4.0, -0.5, 4.0, 1.0, 5.0, 0.33333334, 5.811333
20.0, 4.0, -0.5, 4.0, 1.0, 10.0, 1.0, 5.591667
20.0, 4.0, -0.5, 4.0, 2.0, 1.0, 0.6666667, 5.825333
20.0, 4.0, -0.5, 4.0, 2.0, 2.0, 0.6666667, 5.558333
20.0, 4.0, -0.5, 4.0, 2.0, 5.0, 0.6666667, 6.060001
20.0, 4.0, -0.5, 4.0, 2.0, 10.0, 0.6666667, 5.579
20.0, 4.0, -0.5, 4.0, 5.0, 1.0, 1.0, 5.808333
20.0, 4.0, -0.5, 4.0, 5.0, 2.0, 0.6666667, 5.7693334
20.0, 4.0, -0.5, 4.0, 5.0, 5.0, 1.0, 5.5393333
20.0, 4.0, -0.5, 4.0, 5.0, 10.0, 1.0, 5.558333
20.0, 4.0, -0.5, 4.0, 10.0, 1.0, 0.6666667, 5.8190002
20.0, 4.0, -0.5, 4.0, 10.0, 2.0, 0.6666667, 5.6346664
20.0, 4.0, -0.5, 4.0, 10.0, 5.0, 0.6666667, 5.6083336
20.0, 4.0, -0.5, 4.0, 10.0, 10.0, 0.33333334, 5.815666
20.0, 4.0, -1.0, 1.0, 1.0, 1.0, 0.6666667, 5.558333
20.0, 4.0, -1.0, 1.0, 1.0, 2.0, 0.0, 5.587667
20.0, 4.0, -1.0, 1.0, 1.0, 5.0, 0.33333334, 6.044333
20.0, 4.0, -1.0, 1.0, 1.0, 10.0, 0.6666667, 7.240667
20.0, 4.0, -1.0, 1.0, 2.0, 1.0, 0.6666667, 5.5756664
20.0, 4.0, -1.0, 1.0, 2.0, 2.0, 0.33333334, 5.558334
20.0, 4.0, -1.0, 1.0, 2.0, 5.0, 1.0, 5.5920005
20.0, 4.0, -1.0, 1.0, 2.0, 10.0, 1.0, 5.8113327
20.0, 4.0, -1.0, 1.0, 5.0, 1.0, 1.0, 5.5916667
20.0, 4.0, -1.0, 1.0, 5.0, 2.0, 0.6666667, 5.619
20.0, 4.0, -1.0, 1.0, 5.0, 5.0, 0.6666667, 5.6456666
20.0, 4.0, -1.0, 1.0, 5.0, 10.0, 0.33333334, 5.636667
20.0, 4.0, -1.0, 1.0, 10.0, 1.0, 1.0, 5.587
20.0, 4.0, -1.0, 1.0, 10.0, 2.0, 0.6666667, 5.606333
20.0, 4.0, -1.0, 1.0, 10.0, 5.0, 0.33333334, 5.6083336
20.0, 4.0, -1.0, 1.0, 10.0, 10.0, 0.33333334, 5.565334
20.0, 4.0, -1.0, 2.0, 1.0, 1.0, 0.6666667, 5.5916667
20.0, 4.0, -1.0, 2.0, 1.0, 2.0, 0.6666667, 5.975
20.0, 4.0, -1.0, 2.0, 1.0, 5.0, 0.33333334, 5.830667
20.0, 4.0, -1.0, 2.0, 1.0, 10.0, 1.0, 5.558333
20.0, 4.0, -1.0, 2.0, 2.0, 1.0, 0.33333334, 5.591667
20.0, 4.0, -1.0, 2.0, 2.0, 2.0, 0.6666667, 5.6323333
20.0, 4.0, -1.0, 2.0, 2.0, 5.0, 0.0, 5.558333
20.0, 4.0, -1.0, 2.0, 2.0, 10.0, 1.0, 5.612001
20.0, 4.0, -1.0, 2.0, 5.0, 1.0, 0.33333334, 6.1749997
20.0, 4.0, -1.0, 2.0, 5.0, 2.0, 0.33333334, 5.5749993
20.0, 4.0, -1.0, 2.0, 5.0, 5.0, 0.33333334, 5.5416665
20.0, 4.0, -1.0, 2.0, 5.0, 10.0, 1.0, 5.6369996
20.0, 4.0, -1.0, 2.0, 10.0, 1.0, 0.0, 5.5416665
20.0, 4.0, -1.0, 2.0, 10.0, 2.0, 0.6666667, 5.5766664
20.0, 4.0, -1.0, 2.0, 10.0, 5.0, 0.33333334, 5.567
20.0, 4.0, -1.0, 2.0, 10.0, 10.0, 1.0, 5.603333
20.0, 4.0, -1.0, 3.0, 1.0, 1.0, 0.33333334, 5.6083336
20.0, 4.0, -1.0, 3.0, 1.0, 2.0, 0.0, 5.543667
20.0, 4.0, -1.0, 3.0, 1.0, 5.0, 0.6666667, 6.034
20.0, 4.0, -1.0, 3.0, 1.0, 10.0, 0.33333334, 5.579666
20.0, 4.0, -1.0, 3.0, 2.0, 1.0, 0.33333334, 5.6083336
20.0, 4.0, -1.0, 3.0, 2.0, 2.0, 0.6666667, 5.558333
20.0, 4.0, -1.0, 3.0, 2.0, 5.0, 0.0, 5.5996666
20.0, 4.0, -1.0, 3.0, 2.0, 10.0, 1.0, 8.941334
20.0, 4.0, -1.0, 3.0, 5.0, 1.0, 0.6666667, 5.5916667
20.0, 4.0, -1.0, 3.0, 5.0, 2.0, 0.0, 5.558333
20.0, 4.0, -1.0, 3.0, 5.0, 5.0, 0.33333334, 5.6083336
20.0, 4.0, -1.0, 3.0, 5.0, 10.0, 0.33333334, 5.5916667
20.0, 4.0, -1.0, 3.0, 10.0, 1.0, 0.33333334, 5.992334
20.0, 4.0, -1.0, 3.0, 10.0, 2.0, 0.6666667, 5.5433335
20.0, 4.0, -1.0, 3.0, 10.0, 5.0, 0.33333334, 5.558333
20.0, 4.0, -1.0, 3.0, 10.0, 10.0, 0.33333334, 5.629667
20.0, 4.0, -1.0, 4.0, 1.0, 1.0, 0.33333334, 5.558333
20.0, 4.0, -1.0, 4.0, 1.0, 2.0, 0.0, 5.5463333
20.0, 4.0, -1.0, 4.0, 1.0, 5.0, 0.6666667, 5.6509995
20.0, 4.0, -1.0, 4.0, 1.0, 10.0, 1.0, 5.558333
20.0, 4.0, -1.0, 4.0, 2.0, 1.0, 1.0, 5.5416665
20.0, 4.0, -1.0, 4.0, 2.0, 2.0, 1.0, 5.558333
20.0, 4.0, -1.0, 4.0, 2.0, 5.0, 0.33333334, 5.5516663
20.0, 4.0, -1.0, 4.0, 2.0, 10.0, 0.6666667, 5.558333
20.0, 4.0, -1.0, 4.0, 5.0, 1.0, 0.6666667, 6.0136666
20.0, 4.0, -1.0, 4.0, 5.0, 2.0, 0.6666667, 5.5940003
20.0, 4.0, -1.0, 4.0, 5.0, 5.0, 0.0, 6.225
20.0, 4.0, -1.0, 4.0, 5.0, 10.0, 0.6666667, 5.6083336
20.0, 4.0, -1.0, 4.0, 10.0, 1.0, 0.33333334, 5.5416665
20.0, 4.0, -1.0, 4.0, 10.0, 2.0, 0.6666667, 5.6083336
20.0, 4.0, -1.0, 4.0, 10.0, 5.0, 0.6666667, 5.558334
20.0, 4.0, -1.0, 4.0, 10.0, 10.0, 1.0, 5.6083336
20.0, 4.0, -1.5, 1.0, 1.0, 1.0, 0.33333334, 5.558333
20.0, 4.0, -1.5, 1.0, 1.0, 2.0, 0.0, 5.5416665
20.0, 4.0, -1.5, 1.0, 1.0, 5.0, 0.6666667, 5.580667
20.0, 4.0, -1.5, 1.0, 1.0, 10.0, 0.6666667, 5.542
20.0, 4.0, -1.5, 1.0, 2.0, 1.0, 1.0, 5.558333
20.0, 4.0, -1.5, 1.0, 2.0, 2.0, 0.0, 6.016333
20.0, 4.0, -1.5, 1.0, 2.0, 5.0, 0.33333334, 5.626
20.0, 4.0, -1.5, 1.0, 2.0, 10.0, 0.6666667, 5.6083336
20.0, 4.0, -1.5, 1.0, 5.0, 1.0, 0.6666667, 5.5416665
20.0, 4.0, -1.5, 1.0, 5.0, 2.0, 0.6666667, 5.5750003
20.0, 4.0, -1.5, 1.0, 5.0, 5.0, 0.33333334, 5.5750003
20.0, 4.0, -1.5, 1.0, 5.0, 10.0, 0.6666667, 5.5680003
20.0, 4.0, -1.5, 1.0, 10.0, 1.0, 1.0, 5.6083336
20.0, 4.0, -1.5, 1.0, 10.0, 2.0, 0.6666667, 5.566
20.0, 4.0, -1.5, 1.0, 10.0, 5.0, 0.0, 5.991667
20.0, 4.0, -1.5, 1.0, 10.0, 10.0, 0.6666667, 5.625666
20.0, 4.0, -1.5, 2.0, 1.0, 1.0, 0.33333334, 5.815
20.0, 4.0, -1.5, 2.0, 1.0, 2.0, 0.33333334, 5.5826664
20.0, 4.0, -1.5, 2.0, 1.0, 5.0, 0.33333334, 6.0306664
20.0, 4.0, -1.5, 2.0, 1.0, 10.0, 0.6666667, 5.573
20.0, 4.0, -1.5, 2.0, 2.0, 1.0, 0.6666667, 5.591667
20.0, 4.0, -1.5, 2.0, 2.0, 2.0, 0.0, 5.600666
20.0, 4.0, -1.5, 2.0, 2.0, 5.0, 0.6666667, 5.558333
20.0, 4.0, -1.5, 2.0, 2.0, 10.0, 0.33333334, 5.558333
20.0, 4.0, -1.5, 2.0, 5.0, 1.0, 0.33333334, 5.5750003
20.0, 4.0, -1.5, 2.0, 5.0, 2.0, 0.6666667, 5.6083336
20.0, 4.0, -1.5, 2.0, 5.0, 5.0, 0.6666667, 6.2416673
20.0, 4.0, -1.5, 2.0, 5.0, 10.0, 0.33333334, 5.5823326
20.0, 4.0, -1.5, 2.0, 10.0, 1.0, 0.6666667, 5.7753334
20.0, 4.0, -1.5, 2.0, 10.0, 2.0, 0.0, 5.997333
20.0, 4.0, -1.5, 2.0, 10.0, 5.0, 0.6666667, 5.6083336
20.0, 4.0, -1.5, 2.0, 10.0, 10.0, 1.0, 5.591667
20.0, 4.0, -1.5, 3.0, 1.0, 1.0, 0.33333334, 5.5750003
20.0, 4.0, -1.5, 3.0, 1.0, 2.0, 0.33333334, 5.794
20.0, 4.0, -1.5, 3.0, 1.0, 5.0, 0.33333334, 7.0473332
20.0, 4.0, -1.5, 3.0, 1.0, 10.0, 0.0, 5.5709996
20.0, 4.0, -1.5, 3.0, 2.0, 1.0, 0.33333334, 5.5620003
20.0, 4.0, -1.5, 3.0, 2.0, 2.0, 1.0, 5.7846665
20.0, 4.0, -1.5, 3.0, 2.0, 5.0, 1.0, 5.5416665
20.0, 4.0, -1.5, 3.0, 2.0, 10.0, 1.0, 5.5750003
20.0, 4.0, -1.5, 3.0, 5.0, 1.0, 0.6666667, 5.591667
20.0, 4.0, -1.5, 3.0, 5.0, 2.0, 0.6666667, 6.021
20.0, 4.0, -1.5, 3.0, 5.0, 5.0, 0.6666667, 5.6083336
20.0, 4.0, -1.5, 3.0, 5.0, 10.0, 0.33333334, 5.5750003
20.0, 4.0, -1.5, 3.0, 10.0, 1.0, 1.0, 5.608667
20.0, 4.0, -1.5, 3.0, 10.0, 2.0, 1.0, 5.558333
20.0, 4.0, -1.5, 3.0, 10.0, 5.0, 0.6666667, 6.2083335
20.0, 4.0, -1.5, 3.0, 10.0, 10.0, 0.0, 5.624
20.0, 4.0, -1.5, 4.0, 1.0, 1.0, 1.0, 5.610333
20.0, 4.0, -1.5, 4.0, 1.0, 2.0, 0.33333334, 5.875666
20.0, 4.0, -1.5, 4.0, 1.0, 5.0, 0.33333334, 5.548
20.0, 4.0, -1.5, 4.0, 1.0, 10.0, 0.33333334, 5.5916667
20.0, 4.0, -1.5, 4.0, 2.0, 1.0, 0.6666667, 5.775
20.0, 4.0, -1.5, 4.0, 2.0, 2.0, 0.0, 5.591667
20.0, 4.0, -1.5, 4.0, 2.0, 5.0, 0.0, 5.5916667
20.0, 4.0, -1.5, 4.0, 2.0, 10.0, 0.33333334, 5.558333
20.0, 4.0, -1.5, 4.0, 5.0, 1.0, 1.0, 5.6113334
20.0, 4.0, -1.5, 4.0, 5.0, 2.0, 1.0, 6.258333
20.0, 4.0, -1.5, 4.0, 5.0, 5.0, 0.0, 5.611666
20.0, 4.0, -1.5, 4.0, 5.0, 10.0, 1.0, 5.615667
20.0, 4.0, -1.5, 4.0, 10.0, 1.0, 0.6666667, 5.558333
20.0, 4.0, -1.5, 4.0, 10.0, 2.0, 0.6666667, 5.6403337
20.0, 4.0, -1.5, 4.0, 10.0, 5.0, 0.6666667, 6.258333
20.0, 4.0, -1.5, 4.0, 10.0, 10.0, 0.0, 5.815333
20.0, 4.0, -2.0, 1.0, 1.0, 1.0, 0.6666667, 5.7583337
20.0, 4.0, -2.0, 1.0, 1.0, 2.0, 0.6666667, 5.591667
20.0, 4.0, -2.0, 1.0, 1.0, 5.0, 0.0, 5.786
20.0, 4.0, -2.0, 1.0, 1.0, 10.0, 0.6666667, 5.5749993
20.0, 4.0, -2.0, 1.0, 2.0, 1.0, 0.33333334, 5.5916667
20.0, 4.0, -2.0, 1.0, 2.0, 2.0, 1.0, 5.7829995
20.0, 4.0, -2.0, 1.0, 2.0, 5.0, 0.33333334, 5.5416665
20.0, 4.0, -2.0, 1.0, 2.0, 10.0, 0.0, 5.597667
20.0, 4.0, -2.0, 1.0, 5.0, 1.0, 0.33333334, 5.626
20.0, 4.0, -2.0, 1.0, 5.0, 2.0, 0.0, 5.628
20.0, 4.0, -2.0, 1.0, 5.0, 5.0, 0.6666667, 5.809
20.0, 4.0, -2.0, 1.0, 5.0, 10.0, 0.33333334, 5.5680003
20.0, 4.0, -2.0, 1.0, 10.0, 1.0, 0.33333334, 5.6299996
20.0, 4.0, -2.0, 1.0, 10.0, 2.0, 0.6666667, 5.6423335
20.0, 4.0, -2.0, 1.0, 10.0, 5.0, 0.33333334, 5.5749993
20.0, 4.0, -2.0, 1.0, 10.0, 10.0, 0.6666667, 5.7893333
20.0, 4.0, -2.0, 2.0, 1.0, 1.0, 0.6666667, 5.7793326
20.0, 4.0, -2.0, 2.0, 1.0, 2.0, 1.0, 5.5916667
20.0, 4.0, -2.0, 2.0, 1.0, 5.0, 0.6666667, 5.558333
20.0, 4.0, -2.0, 2.0, 1.0, 10.0, 0.0, 5.6083336
20.0, 4.0, -2.0, 2.0, 2.0, 1.0, 0.0, 5.808
20.0, 4.0, -2.0, 2.0, 2.0, 2.0, 0.0, 5.5716667
20.0, 4.0, -2.0, 2.0, 2.0, 5.0, 0.33333334, 5.547334
20.0, 4.0, -2.0, 2.0, 2.0, 10.0, 0.6666667, 5.765667
20.0, 4.0, -2.0, 2.0, 5.0, 1.0, 0.6666667, 5.5416665
20.0, 4.0, -2.0, 2.0, 5.0, 2.0, 0.6666667, 5.575667
20.0, 4.0, -2.0, 2.0, 5.0, 5.0, 1.0, 6.2416673
20.0, 4.0, -2.0, 2.0, 5.0, 10.0, 0.0, 6.2416673
20.0, 4.0, -2.0, 2.0, 10.0, 1.0, 1.0, 5.6083336
20.0, 4.0, -2.0, 2.0, 10.0, 2.0, 0.6666667, 5.6096663
20.0, 4.0, -2.0, 2.0, 10.0, 5.0, 0.33333334, 5.558333
20.0, 4.0, -2.0, 2.0, 10.0, 10.0, 0.6666667, 5.5820007
20.0, 4.0, -2.0, 3.0, 1.0, 1.0, 0.33333334, 5.573
20.0, 4.0, -2.0, 3.0, 1.0, 2.0, 0.33333334, 5.6083336
20.0, 4.0, -2.0, 3.0, 1.0, 5.0, 0.6666667, 5.843333
20.0, 4.0, -2.0, 3.0, 1.0, 10.0, 0.33333334, 5.808333
20.0, 4.0, -2.0, 3.0, 2.0, 1.0, 1.0, 5.5416665
20.0, 4.0, -2.0, 3.0, 2.0, 2.0, 0.33333334, 5.6130004
20.0, 4.0, -2.0, 3.0, 2.0, 5.0, 0.6666667, 5.6083336
20.0, 4.0, -2.0, 3.0, 2.0, 10.0, 0.33333334, 5.591667
20.0, 4.0, -2.0, 3.0, 5.0, 1.0, 0.6666667, 5.6083336
20.0, 4.0, -2.0, 3.0, 5.0, 2.0, 0.6666667, 5.591667
20.0, 4.0, -2.0, 3.0, 5.0, 5.0, 0.0, 5.598
20.0, 4.0, -2.0, 3.0, 5.0, 10.0, 1.0, 5.558333
20.0, 4.0, -2.0, 3.0, 10.0, 1.0, 0.6666667, 5.818333
20.0, 4.0, -2.0, 3.0, 10.0, 2.0, 0.6666667, 5.8509994
20.0, 4.0, -2.0, 3.0, 10.0, 5.0, 0.0, 5.5750003
20.0, 4.0, -2.0, 3.0, 10.0, 10.0, 0.33333334, 6.2250004
20.0, 4.0, -2.0, 4.0, 1.0, 1.0, 0.6666667, 5.5750003
20.0, 4.0, -2.0, 4.0, 1.0, 2.0, 0.6666667, 5.646666
20.0, 4.0, -2.0, 4.0, 1.0, 5.0, 0.6666667, 5.603667
20.0, 4.0, -2.0, 4.0, 1.0, 10.0, 0.33333334, 5.5416665
20.0, 4.0, -2.0, 4.0, 2.0, 1.0, 0.6666667, 5.8186665
20.0, 4.0, -2.0, 4.0, 2.0, 2.0, 0.0, 5.5416665
20.0, 4.0, -2.0, 4.0, 2.0, 5.0, 0.33333334, 6.2416663
20.0, 4.0, -2.0, 4.0, 2.0, 10.0, 0.0, 5.5750003
20.0, 4.0, -2.0, 4.0, 5.0, 1.0, 0.6666667, 5.837666
20.0, 4.0, -2.0, 4.0, 5.0, 2.0, 1.0, 5.5616665
20.0, 4.0, -2.0, 4.0, 5.0, 5.0, 1.0, 5.6083336
20.0, 4.0, -2.0, 4.0, 5.0, 10.0, 1.0, 5.621334
20.0, 4.0, -2.0, 4.0, 10.0, 1.0, 0.6666667, 5.6083336
20.0, 4.0, -2.0, 4.0, 10.0, 2.0, 0.33333334, 5.5916667
20.0, 4.0, -2.0, 4.0, 10.0, 5.0, 0.6666667, 5.8250003
20.0, 4.0, -2.0, 4.0, 10.0, 10.0, 0.6666667, 5.806333
20.0, 6.0, -0.5, 1.0, 1.0, 1.0, 0.6666667, 6.017999
20.0, 6.0, -0.5, 1.0, 1.0, 2.0, 1.0, 5.5629997
20.0, 6.0, -0.5, 1.0, 1.0, 5.0, 1.0, 5.818334
20.0, 6.0, -0.5, 1.0, 1.0, 10.0, 1.0, 5.9886665
20.0, 6.0, -0.5, 1.0, 2.0, 1.0, 1.0, 5.565
20.0, 6.0, -0.5, 1.0, 2.0, 2.0, 0.0, 5.5916667
20.0, 6.0, -0.5, 1.0, 2.0, 5.0, 0.6666667, 5.5416665
20.0, 6.0, -0.5, 1.0, 2.0, 10.0, 0.33333334, 6.258333
20.0, 6.0, -0.5, 1.0, 5.0, 1.0, 0.0, 5.788667
20.0, 6.0, -0.5, 1.0, 5.0, 2.0, 1.0, 6.0416665
20.0, 6.0, -0.5, 1.0, 5.0, 5.0, 0.6666667, 5.5416665
20.0, 6.0, -0.5, 1.0, 5.0, 10.0, 0.6666667, 5.8423333
20.0, 6.0, -0.5, 1.0, 10.0, 1.0, 0.6666667, 5.792667
20.0, 6.0, -0.5, 1.0, 10.0, 2.0, 0.6666667, 5.6083336
20.0, 6.0, -0.5, 1.0, 10.0, 5.0, 0.6666667, 5.5896664
20.0, 6.0, -0.5, 1.0, 10.0, 10.0, 0.33333334, 6.2083335
20.0, 6.0, -0.5, 2.0, 1.0, 1.0, 0.0, 5.6036663
20.0, 6.0, -0.5, 2.0, 1.0, 2.0, 0.33333334, 5.572
20.0, 6.0, -0.5, 2.0, 1.0, 5.0, 1.0, 5.553
20.0, 6.0, -0.5, 2.0, 1.0, 10.0, 0.0, 5.6080003
20.0, 6.0, -0.5, 2.0, 2.0, 1.0, 0.6666667, 5.993334
20.0, 6.0, -0.5, 2.0, 2.0, 2.0, 0.33333334, 5.8526664
20.0, 6.0, -0.5, 2.0, 2.0, 5.0, 0.33333334, 5.827
20.0, 6.0, -0.5, 2.0, 2.0, 10.0, 1.0, 5.6083336
20.0, 6.0, -0.5, 2.0, 5.0, 1.0, 0.6666667, 5.558333
20.0, 6.0, -0.5, 2.0, 5.0, 2.0, 0.6666667, 5.7910004
20.0, 6.0, -0.5, 2.0, 5.0, 5.0, 0.0, 5.5916667
20.0, 6.0, -0.5, 2.0, 5.0, 10.0, 0.6666667, 5.558333
20.0, 6.0, -0.5, 2.0, 10.0, 1.0, 0.6666667, 5.5916667
20.0, 6.0, -0.5, 2.0, 10.0, 2.0, 0.0, 5.5750003
20.0, 6.0, -0.5, 2.0, 10.0, 5.0, 0.6666667, 5.5646667
20.0, 6.0, -0.5, 2.0, 10.0, 10.0, 1.0, 5.5416665
20.0, 6.0, -0.5, 3.0, 1.0, 1.0, 0.33333334, 6.0273337
20.0, 6.0, -0.5, 3.0, 1.0, 2.0, 0.33333334, 5.5750003
20.0, 6.0, -0.5, 3.0, 1.0, 5.0, 0.33333334, 5.593
20.0, 6.0, -0.5, 3.0, 1.0, 10.0, 0.0, 5.591667
20.0, 6.0, -0.5, 3.0, 2.0, 1.0, 0.6666667, 5.6299996
20.0, 6.0, -0.5, 3.0, 2.0, 2.0, 0.0, 5.615667
20.0, 6.0, -0.5, 3.0, 2.0, 5.0, 0.0, 6.2416663
20.0, 6.0, -0.5, 3.0, 2.0, 10.0, 0.6666667, 5.558333
20.0, 6.0, -0.5, 3.0, 5.0, 1.0, 0.0, 5.5749993
20.0, 6.0, -0.5, 3.0, 5.0, 2.0, 0.6666667, 5.623667
20.0, 6.0, -0.5, 3.0, 5.0, 5.0, 0.6666667, 5.5416665
20.0, 6.0, -0.5, 3.0, 5.0, 10.0, 0.6666667, 5.639
20.0, 6.0, -0.5, 3.0, 10.0, 1.0, 0.0, 5.5720005
20.0, 6.0, -0.5, 3.0, 10.0, 2.0, 0.33333334, 5.558333
20.0, 6.0, -0.5, 3.0, 10.0, 5.0, 0.0, 5.5750003
20.0, 6.0, -0.5, 3.0, 10.0, 10.0, 1.0, 5.6083336
20.0, 6.0, -0.5, 4.0, 1.0, 1.0, 1.0, 7.472
20.0, 6.0, -0.5, 4.0, 1.0, 2.0, 0.33333334, 6.061333
20.0, 6.0, -0.5, 4.0, 1.0, 5.0, 1.0, 6.258333
20.0, 6.0, -0.5, 4.0, 1.0, 10.0, 0.6666667, 5.5416665
20.0, 6.0, -0.5, 4.0, 2.0, 1.0, 0.33333334, 5.5749993
20.0, 6.0, -0.5, 4.0, 2.0, 2.0, 1.0, 6.025
20.0, 6.0, -0.5, 4.0, 2.0, 5.0, 0.33333334, 5.5916667
20.0, 6.0, -0.5, 4.0, 2.0, 10.0, 0.33333334, 5.575333
20.0, 6.0, -0.5, 4.0, 5.0, 1.0, 1.0, 5.626667
20.0, 6.0, -0.5, 4.0, 5.0, 2.0, 1.0, 6.025
20.0, 6.0, -0.5, 4.0, 5.0, 5.0, 1.0, 5.787667
20.0, 6.0, -0.5, 4.0, 5.0, 10.0, 1.0, 5.605667
20.0, 6.0, -0.5, 4.0, 10.0, 1.0, 0.6666667, 5.5750003
20.0, 6.0, -0.5, 4.0, 10.0, 2.0, 0.33333334, 5.618666
20.0, 6.0, -0.5, 4.0, 10.0, 5.0, 0.6666667, 5.558333
20.0, 6.0, -0.5, 4.0, 10.0, 10.0, 0.6666667, 5.558333
20.0, 6.0, -1.0, 1.0, 1.0, 1.0, 1.0, 5.5750003
20.0, 6.0, -1.0, 1.0, 1.0, 2.0, 1.0, 5.5416665
20.0, 6.0, -1.0, 1.0, 1.0, 5.0, 0.0, 5.558334
20.0, 6.0, -1.0, 1.0, 1.0, 10.0, 0.33333334, 5.579
20.0, 6.0, -1.0, 1.0, 2.0, 1.0, 0.0, 5.5916667
20.0, 6.0, -1.0, 1.0, 2.0, 2.0, 0.33333334, 5.572333
20.0, 6.0, -1.0, 1.0, 2.0, 5.0, 0.33333334, 5.558333
20.0, 6.0, -1.0, 1.0, 2.0, 10.0, 0.33333334, 5.8199997
20.0, 6.0, -1.0, 1.0, 5.0, 1.0, 0.0, 5.5916667
20.0, 6.0, -1.0, 1.0, 5.0, 2.0, 0.6666667, 5.591667
20.0, 6.0, -1.0, 1.0, 5.0, 5.0, 0.6666667, 5.558333
20.0, 6.0, -1.0, 1.0, 5.0, 10.0, 0.0, 5.584
20.0, 6.0, -1.0, 1.0, 10.0, 1.0, 0.0, 5.6073337
20.0, 6.0, -1.0, 1.0, 10.0, 2.0, 0.33333334, 5.605
20.0, 6.0, -1.0, 1.0, 10.0, 5.0, 0.6666667, 6.061333
20.0, 6.0, -1.0, 1.0, 10.0, 10.0, 0.0, 5.6083336
20.0, 6.0, -1.0, 2.0, 1.0, 1.0, 0.33333334, 5.5416665
20.0, 6.0, -1.0, 2.0, 1.0, 2.0, 0.6666667, 5.525001
20.0, 6.0, -1.0, 2.0, 1.0, 5.0, 0.6666667, 5.6083336
20.0, 6.0, -1.0, 2.0, 1.0, 10.0, 0.6666667, 6.0049996
20.0, 6.0, -1.0, 2.0, 2.0, 1.0, 0.6666667, 5.558333
20.0, 6.0, -1.0, 2.0, 2.0, 2.0, 1.0, 5.525001
20.0, 6.0, -1.0, 2.0, 2.0, 5.0, 0.6666667, 5.566334
20.0, 6.0, -1.0, 2.0, 2.0, 10.0, 0.33333334, 5.558334
20.0, 6.0, -1.0, 2.0, 5.0, 1.0, 0.33333334, 5.580666
20.0, 6.0, -1.0, 2.0, 5.0, 2.0, 0.33333334, 6.2416663
20.0, 6.0, -1.0, 2.0, 5.0, 5.0, 0.0, 5.5750003
20.0, 6.0, -1.0, 2.0, 5.0, 10.0, 0.6666667, 5.794
20.0, 6.0, -1.0, 2.0, 10.0, 1.0, 0.33333334, 5.7749996
20.0, 6.0, -1.0, 2.0, 10.0, 2.0, 0.33333334, 5.846667
20.0, 6.0, -1.0, 2.0, 10.0, 5.0, 0.33333334, 5.5916667
20.0, 6.0, -1.0, 2.0, 10.0, 10.0, 0.33333334, 5.5916667
20.0, 6.0, -1.0, 3.0, 1.0, 1.0, 0.33333334, 5.6176667
20.0, 6.0, -1.0, 3.0, 1.0, 2.0, 0.33333334, 6.0039997
20.0, 6.0, -1.0, 3.0, 1.0, 5.0, 0.0, 5.5750003
20.0, 6.0, -1.0, 3.0, 1.0, 10.0, 0.6666667, 6.0523334
20.0, 6.0, -1.0, 3.0, 2.0, 1.0, 0.0, 5.620333
20.0, 6.0, -1.0, 3.0, 2.0, 2.0, 0.6666667, 5.558333
20.0, 6.0, -1.0, 3.0, 2.0, 5.0, 0.6666667, 5.525001
20.0, 6.0, -1.0, 3.0, 2.0, 10.0, 0.0, 5.558333
20.0, 6.0, -1.0, 3.0, 5.0, 1.0, 0.0, 5.5769997
20.0, 6.0, -1.0, 3.0, 5.0, 2.0, 1.0, 5.558333
20.0, 6.0, -1.0, 3.0, 5.0, 5.0, 1.0, 5.641334
20.0, 6.0, -1.0, 3.0, 5.0, 10.0, 1.0, 5.830667
20.0, 6.0, -1.0, 3.0, 10.0, 1.0, 1.0, 5.558333
20.0, 6.0, -1.0, 3.0, 10.0, 2.0, 0.0, 5.7993336
20.0, 6.0, -1.0, 3.0, 10.0, 5.0, 0.6666667, 5.6083336
20.0, 6.0, -1.0, 3.0, 10.0, 10.0, 0.6666667, 5.5416665
20.0, 6.0, -1.0, 4.0, 1.0, 1.0, 0.0, 5.5916667
20.0, 6.0, -1.0, 4.0, 1.0, 2.0, 1.0, 6.2083335
20.0, 6.0, -1.0, 4.0, 1.0, 5.0, 1.0, 5.662
20.0, 6.0, -1.0, 4.0, 1.0, 10.0, 0.0, 5.6083336
20.0, 6.0, -1.0, 4.0, 2.0, 1.0, 0.33333334, 5.6083336
20.0, 6.0, -1.0, 4.0, 2.0, 2.0, 0.33333334, 5.6136665
20.0, 6.0, -1.0, 4.0, 2.0, 5.0, 1.0, 5.6083336
20.0, 6.0, -1.0, 4.0, 2.0, 10.0, 0.6666667, 5.808333
20.0, 6.0, -1.0, 4.0, 5.0, 1.0, 0.33333334, 6.049666
20.0, 6.0, -1.0, 4.0, 5.0, 2.0, 0.33333334, 5.5750003
20.0, 6.0, -1.0, 4.0, 5.0, 5.0, 0.6666667, 5.7583337
20.0, 6.0, -1.0, 4.0, 5.0, 10.0, 0.0, 5.5416665
20.0, 6.0, -1.0, 4.0, 10.0, 1.0, 0.6666667, 5.6083336
20.0, 6.0, -1.0, 4.0, 10.0, 2.0, 0.6666667, 5.7916665
20.0, 6.0, -1.0, 4.0, 10.0, 5.0, 0.33333334, 5.558333
20.0, 6.0, -1.0, 4.0, 10.0, 10.0, 1.0, 5.963667
20.0, 6.0, -1.5, 1.0, 1.0, 1.0, 0.33333334, 5.558334
20.0, 6.0, -1.5, 1.0, 1.0, 2.0, 0.33333334, 5.5886664
20.0, 6.0, -1.5, 1.0, 1.0, 5.0, 0.0, 5.7963333
20.0, 6.0, -1.5, 1.0, 1.0, 10.0, 0.33333334, 5.5779996
20.0, 6.0, -1.5, 1.0, 2.0, 1.0, 0.0, 5.591667
20.0, 6.0, -1.5, 1.0, 2.0, 2.0, 0.6666667, 5.800333
20.0, 6.0, -1.5, 1.0, 2.0, 5.0, 0.6666667, 5.6083336
20.0, 6.0, -1.5, 1.0, 2.0, 10.0, 1.0, 5.5623336
20.0, 6.0, -1.5, 1.0, 5.0, 1.0, 0.6666667, 5.6083336
20.0, 6.0, -1.5, 1.0, 5.0, 2.0, 0.6666667, 5.8420005
20.0, 6.0, -1.5, 1.0, 5.0, 5.0, 1.0, 5.56
20.0, 6.0, -1.5, 1.0, 5.0, 10.0, 0.6666667, 5.5490003
20.0, 6.0, -1.5, 1.0, 10.0, 1.0, 0.6666667, 5.5690002
20.0, 6.0, -1.5, 1.0, 10.0, 2.0, 1.0, 5.6083336
20.0, 6.0, -1.5, 1.0, 10.0, 5.0, 0.33333334, 5.5749993
20.0, 6.0, -1.5, 1.0, 10.0, 10.0, 0.6666667, 5.6106668
20.0, 6.0, -1.5, 2.0, 1.0, 1.0, 1.0, 5.5783334
20.0, 6.0, -1.5, 2.0, 1.0, 2.0, 0.33333334, 5.5916667
20.0, 6.0, -1.5, 2.0, 1.0, 5.0, 0.33333334, 5.5750003
20.0, 6.0, -1.5, 2.0, 1.0, 10.0, 0.33333334, 7.3056664
20.0, 6.0, -1.5, 2.0, 2.0, 1.0, 1.0, 5.9646664
20.0, 6.0, -1.5, 2.0, 2.0, 2.0, 0.33333334, 6.2083335
20.0, 6.0, -1.5, 2.0, 2.0, 5.0, 0.6666667, 5.5416665
20.0, 6.0, -1.5, 2.0, 2.0, 10.0, 0.33333334, 5.5490003
20.0, 6.0, -1.5, 2.0, 5.0, 1.0, 0.0, 6.038667
20.0, 6.0, -1.5, 2.0, 5.0, 2.0, 0.33333334, 5.591667
20.0, 6.0, -1.5, 2.0, 5.0, 5.0, 1.0, 5.591667
20.0, 6.0, -1.5, 2.0, 5.0, 10.0, 0.33333334, 5.611
20.0, 6.0, -1.5, 2.0, 10.0, 1.0, 0.0, 5.5603333
20.0, 6.0, -1.5, 2.0, 10.0, 2.0, 0.6666667, 5.999666
20.0, 6.0, -1.5, 2.0, 10.0, 5.0, 0.6666667, 5.5750003
20.0, 6.0, -1.5, 2.0, 10.0, 10.0, 0.6666667, 5.558333
20.0, 6.0, -1.5, 3.0, 1.0, 1.0, 0.6666667, 6.0083337
20.0, 6.0, -1.5, 3.0, 1.0, 2.0, 0.33333334, 5.5416665
20.0, 6.0, -1.5, 3.0, 1.0, 5.0, 1.0, 5.5916667
20.0, 6.0, -1.5, 3.0, 1.0, 10.0, 0.0, 5.5420003
20.0, 6.0, -1.5, 3.0, 2.0, 1.0, 0.0, 6.1749997
20.0, 6.0, -1.5, 3.0, 2.0, 2.0, 0.6666667, 5.612
20.0, 6.0, -1.5, 3.0, 2.0, 5.0, 0.0, 5.5416665
20.0, 6.0, -1.5, 3.0, 2.0, 10.0, 0.6666667, 5.5416665
20.0, 6.0, -1.5, 3.0, 5.0, 1.0, 0.6666667, 5.5416665
20.0, 6.0, -1.5, 3.0, 5.0, 2.0, 0.0, 5.576
20.0, 6.0, -1.5, 3.0, 5.0, 5.0, 0.6666667, 5.5943336
20.0, 6.0, -1.5, 3.0, 5.0, 10.0, 0.0, 5.597
20.0, 6.0, -1.5, 3.0, 10.0, 1.0, 0.6666667, 5.6480002
20.0, 6.0, -1.5, 3.0, 10.0, 2.0, 0.0, 5.992
20.0, 6.0, -1.5, 3.0, 10.0, 5.0, 1.0, 6.025
20.0, 6.0, -1.5, 3.0, 10.0, 10.0, 0.6666667, 5.6236663
20.0, 6.0, -1.5, 4.0, 1.0, 1.0, 0.33333334, 5.574
20.0, 6.0, -1.5, 4.0, 1.0, 2.0, 0.33333334, 5.5916667
20.0, 6.0, -1.5, 4.0, 1.0, 5.0, 0.6666667, 5.595333
20.0, 6.0, -1.5, 4.0, 1.0, 10.0, 0.6666667, 5.580666
20.0, 6.0, -1.5, 4.0, 2.0, 1.0, 0.6666667, 5.6083336
20.0, 6.0, -1.5, 4.0, 2.0, 2.0, 1.0, 5.629667
20.0, 6.0, -1.5, 4.0, 2.0, 5.0, 1.0, 5.5593333
20.0, 6.0, -1.5, 4.0, 2.0, 10.0, 0.6666667, 5.5516667
20.0, 6.0, -1.5, 4.0, 5.0, 1.0, 0.6666667, 5.5916667
20.0, 6.0, -1.5, 4.0, 5.0, 2.0, 0.6666667, 6.2083335
20.0, 6.0, -1.5, 4.0, 5.0, 5.0, 0.0, 5.6083336
20.0, 6.0, -1.5, 4.0, 5.0, 10.0, 1.0, 5.7583337
20.0, 6.0, -1.5, 4.0, 10.0, 1.0, 0.0, 5.8436675
20.0, 6.0, -1.5, 4.0, 10.0, 2.0, 0.0, 5.6113334
20.0, 6.0, -1.5, 4.0, 10.0, 5.0, 0.0, 5.5749993
20.0, 6.0, -1.5, 4.0, 10.0, 10.0, 0.33333334, 5.612001
20.0, 6.0, -2.0, 1.0, 1.0, 1.0, 0.6666667, 5.558333
20.0, 6.0, -2.0, 1.0, 1.0, 2.0, 0.0, 5.558333
20.0, 6.0, -2.0, 1.0, 1.0, 5.0, 0.6666667, 5.6083336
20.0, 6.0, -2.0, 1.0, 1.0, 10.0, 1.0, 5.558333
20.0, 6.0, -2.0, 1.0, 2.0, 1.0, 1.0, 6.258333
20.0, 6.0, -2.0, 1.0, 2.0, 2.0, 0.0, 5.5749993
20.0, 6.0, -2.0, 1.0, 2.0, 5.0, 0.6666667, 5.803
20.0, 6.0, -2.0, 1.0, 2.0, 10.0, 0.33333334, 5.6010003
20.0, 6.0, -2.0, 1.0, 5.0, 1.0, 0.6666667, 5.558333
20.0, 6.0, -2.0, 1.0, 5.0, 2.0, 0.33333334, 5.991667
20.0, 6.0, -2.0, 1.0, 5.0, 5.0, 0.0, 5.597
20.0, 6.0, -2.0, 1.0, 5.0, 10.0, 0.33333334, 5.5416665
20.0, 6.0, -2.0, 1.0, 10.0, 1.0, 1.0, 5.5416665
20.0, 6.0, -2.0, 1.0, 10.0, 2.0, 1.0, 5.78
20.0, 6.0, -2.0, 1.0, 10.0, 5.0, 0.33333334, 5.7850003
20.0, 6.0, -2.0, 1.0, 10.0, 10.0, 1.0, 5.6170006
20.0, 6.0, -2.0, 2.0, 1.0, 1.0, 0.6666667, 5.763333
20.0, 6.0, -2.0, 2.0, 1.0, 2.0, 1.0, 5.5916667
20.0, 6.0, -2.0, 2.0, 1.0, 5.0, 0.33333334, 5.558333
20.0, 6.0, -2.0, 2.0, 1.0, 10.0, 0.33333334, 5.7863336
20.0, 6.0, -2.0, 2.0, 2.0, 1.0, 1.0, 5.525001
20.0, 6.0, -2.0, 2.0, 2.0, 2.0, 0.6666667, 5.525001
20.0, 6.0, -2.0, 2.0, 2.0, 5.0, 0.0, 5.591667
20.0, 6.0, -2.0, 2.0, 2.0, 10.0, 0.0, 5.5480003
20.0, 6.0, -2.0, 2.0, 5.0, 1.0, 1.0, 5.558333
20.0, 6.0, -2.0, 2.0, 5.0, 2.0, 0.33333334, 5.5996666
20.0, 6.0, -2.0, 2.0, 5.0, 5.0, 1.0, 5.525001
20.0, 6.0, -2.0, 2.0, 5.0, 10.0, 0.33333334, 5.558666
20.0, 6.0, -2.0, 2.0, 10.0, 1.0, 0.33333334, 5.565334
20.0, 6.0, -2.0, 2.0, 10.0, 2.0, 0.33333334, 5.5416665
20.0, 6.0, -2.0, 2.0, 10.0, 5.0, 0.6666667, 5.8263335
20.0, 6.0, -2.0, 2.0, 10.0, 10.0, 1.0, 5.7749996
20.0, 6.0, -2.0, 3.0, 1.0, 1.0, 0.0, 5.591667
20.0, 6.0, -2.0, 3.0, 1.0, 2.0, 1.0, 5.558333
20.0, 6.0, -2.0, 3.0, 1.0, 5.0, 1.0, 5.795334
20.0, 6.0, -2.0, 3.0, 1.0, 10.0, 0.6666667, 5.845333
20.0, 6.0, -2.0, 3.0, 2.0, 1.0, 0.6666667, 5.7826667
20.0, 6.0, -2.0, 3.0, 2.0, 2.0, 0.6666667, 5.558333
20.0, 6.0, -2.0, 3.0, 2.0, 5.0, 1.0, 6.0610003
20.0, 6.0, -2.0, 3.0, 2.0, 10.0, 0.6666667, 5.8319993
20.0, 6.0, -2.0, 3.0, 5.0, 1.0, 1.0, 5.6083336
20.0, 6.0, -2.0, 3.0, 5.0, 2.0, 0.0, 6.011
20.0, 6.0, -2.0, 3.0, 5.0, 5.0, 1.0, 5.561334
20.0, 6.0, -2.0, 3.0, 5.0, 10.0, 0.6666667, 5.5916667
20.0, 6.0, -2.0, 3.0, 10.0, 1.0, 1.0, 5.5750003
20.0, 6.0, -2.0, 3.0, 10.0, 2.0, 0.6666667, 6.258333
20.0, 6.0, -2.0, 3.0, 10.0, 5.0, 0.33333334, 5.5750003
20.0, 6.0, -2.0, 3.0, 10.0, 10.0, 1.0, 5.5916667
20.0, 6.0, -2.0, 4.0, 1.0, 1.0, 0.33333334, 5.587333
20.0, 6.0, -2.0, 4.0, 1.0, 2.0, 1.0, 5.5636673
20.0, 6.0, -2.0, 4.0, 1.0, 5.0, 0.6666667, 5.6083336
20.0, 6.0, -2.0, 4.0, 1.0, 10.0, 0.33333334, 5.558333
20.0, 6.0, -2.0, 4.0, 2.0, 1.0, 0.33333334, 5.591667
20.0, 6.0, -2.0, 4.0, 2.0, 2.0, 0.6666667, 5.5416665
20.0, 6.0, -2.0, 4.0, 2.0, 5.0, 0.6666667, 5.604667
20.0, 6.0, -2.0, 4.0, 2.0, 10.0, 0.33333334, 5.580333
20.0, 6.0, -2.0, 4.0, 5.0, 1.0, 0.33333334, 5.558333
20.0, 6.0, -2.0, 4.0, 5.0, 2.0, 0.33333334, 5.576
20.0, 6.0, -2.0, 4.0, 5.0, 5.0, 0.33333334, 6.0429997
20.0, 6.0, -2.0, 4.0, 5.0, 10.0, 0.33333334, 5.843
20.0, 6.0, -2.0, 4.0, 10.0, 1.0, 0.33333334, 5.558333
20.0, 6.0, -2.0, 4.0, 10.0, 2.0, 0.0, 5.633
20.0, 6.0, -2.0, 4.0, 10.0, 5.0, 0.6666667, 5.629667
20.0, 6.0, -2.0, 4.0, 10.0, 10.0, 1.0, 5.8459992
20.0, 8.0, -0.5, 1.0, 1.0, 1.0, 0.0, 5.5920005
20.0, 8.0, -0.5, 1.0, 1.0, 2.0, 0.33333334, 5.626333
20.0, 8.0, -0.5, 1.0, 1.0, 5.0, 0.0, 6.0343337
20.0, 8.0, -0.5, 1.0, 1.0, 10.0, 0.6666667, 5.569
20.0, 8.0, -0.5, 1.0, 2.0, 1.0, 0.33333334, 5.558333
20.0, 8.0, -0.5, 1.0, 2.0, 2.0, 0.6666667, 6.002667
20.0, 8.0, -0.5, 1.0, 2.0, 5.0, 0.0, 5.558333
20.0, 8.0, -0.5, 1.0, 2.0, 10.0, 0.0, 5.6383324
20.0, 8.0, -0.5, 1.0, 5.0, 1.0, 0.33333334, 6.0463333
20.0, 8.0, -0.5, 1.0, 5.0, 2.0, 1.0, 5.594
20.0, 8.0, -0.5, 1.0, 5.0, 5.0, 0.6666667, 5.8250003
20.0, 8.0, -0.5, 1.0, 5.0, 10.0, 0.33333334, 5.6083336
20.0, 8.0, -0.5, 1.0, 10.0, 1.0, 0.6666667, 5.5916667
20.0, 8.0, -0.5, 1.0, 10.0, 2.0, 0.0, 5.6083336
20.0, 8.0, -0.5, 1.0, 10.0, 5.0, 0.0, 5.5966663
20.0, 8.0, -0.5, 1.0, 10.0, 10.0, 0.6666667, 5.5416665
20.0, 8.0, -0.5, 2.0, 1.0, 1.0, 0.6666667, 5.554667
20.0, 8.0, -0.5, 2.0, 1.0, 2.0, 0.6666667, 5.7613335
20.0, 8.0, -0.5, 2.0, 1.0, 5.0, 0.33333334, 5.558334
20.0, 8.0, -0.5, 2.0, 1.0, 10.0, 0.0, 5.6253333
20.0, 8.0, -0.5, 2.0, 2.0, 1.0, 0.6666667, 5.558333
20.0, 8.0, -0.5, 2.0, 2.0, 2.0, 0.6666667, 5.609333
20.0, 8.0, -0.5, 2.0, 2.0, 5.0, 0.6666667, 5.558333
20.0, 8.0, -0.5, 2.0, 2.0, 10.0, 0.0, 5.618
20.0, 8.0, -0.5, 2.0, 5.0, 1.0, 1.0, 6.258333
20.0, 8.0, -0.5, 2.0, 5.0, 2.0, 0.0, 5.5916667
20.0, 8.0, -0.5, 2.0, 5.0, 5.0, 0.0, 5.558334
20.0, 8.0, -0.5, 2.0, 5.0, 10.0, 0.33333334, 5.838333
20.0, 8.0, -0.5, 2.0, 10.0, 1.0, 0.6666667, 5.808333
20.0, 8.0, -0.5, 2.0, 10.0, 2.0, 0.6666667, 5.5916667
20.0, 8.0, -0.5, 2.0, 10.0, 5.0, 0.0, 5.6159997
20.0, 8.0, -0.5, 2.0, 10.0, 10.0, 0.33333334, 5.652
20.0, 8.0, -0.5, 3.0, 1.0, 1.0, 0.33333334, 5.808333
20.0, 8.0, -0.5, 3.0, 1.0, 2.0, 0.0, 5.618
20.0, 8.0, -0.5, 3.0, 1.0, 5.0, 0.33333334, 5.5416665
20.0, 8.0, -0.5, 3.0, 1.0, 10.0, 0.33333334, 5.969
20.0, 8.0, -0.5, 3.0, 2.0, 1.0, 0.33333334, 5.6130004
20.0, 8.0, -0.5, 3.0, 2.0, 2.0, 0.6666667, 5.5470004
20.0, 8.0, -0.5, 3.0, 2.0, 5.0, 0.0, 5.558333
20.0, 8.0, -0.5, 3.0, 2.0, 10.0, 0.0, 5.6113334
20.0, 8.0, -0.5, 3.0, 5.0, 1.0, 0.0, 5.808333
20.0, 8.0, -0.5, 3.0, 5.0, 2.0, 0.6666667, 5.5680003
20.0, 8.0, -0.5, 3.0, 5.0, 5.0, 0.6666667, 5.596667
20.0, 8.0, -0.5, 3.0, 5.0, 10.0, 1.0, 5.631334
20.0, 8.0, -0.5, 3.0, 10.0, 1.0, 0.6666667, 5.5516667
20.0, 8.0, -0.5, 3.0, 10.0, 2.0, 0.33333334, 5.5749993
20.0, 8.0, -0.5, 3.0, 10.0, 5.0, 0.6666667, 5.825001
20.0, 8.0, -0.5, 3.0, 10.0, 10.0, 0.6666667, 5.558333
20.0, 8.0, -0.5, 4.0, 1.0, 1.0, 0.33333334, 5.6083336
20.0, 8.0, -0.5, 4.0, 1.0, 2.0, 0.6666667, 5.593333
20.0, 8.0, -0.5, 4.0, 1.0, 5.0, 0.0, 5.572666
20.0, 8.0, -0.5, 4.0, 1.0, 10.0, 0.6666667, 5.6089997
20.0, 8.0, -0.5, 4.0, 2.0, 1.0, 0.0, 5.6299996
20.0, 8.0, -0.5, 4.0, 2.0, 2.0, 0.6666667, 5.561333
20.0, 8.0, -0.5, 4.0, 2.0, 5.0, 0.6666667, 5.639666
20.0, 8.0, -0.5, 4.0, 2.0, 10.0, 1.0, 5.5416665
20.0, 8.0, -0.5, 4.0, 5.0, 1.0, 0.6666667, 5.781334
20.0, 8.0, -0.5, 4.0, 5.0, 2.0, 0.33333334, 5.794667
20.0, 8.0, -0.5, 4.0, 5.0, 5.0, 0.6666667, 5.780334
20.0, 8.0, -0.5, 4.0, 5.0, 10.0, 0.33333334, 5.5916667
20.0, 8.0, -0.5, 4.0, 10.0, 1.0, 0.0, 5.558333
20.0, 8.0, -0.5, 4.0, 10.0, 2.0, 0.6666667, 6.0416665
20.0, 8.0, -0.5, 4.0, 10.0, 5.0, 0.33333334, 5.7976665
20.0, 8.0, -0.5, 4.0, 10.0, 10.0, 0.33333334, 5.5756664
20.0, 8.0, -1.0, 1.0, 1.0, 1.0, 0.33333334, 5.648333
20.0, 8.0, -1.0, 1.0, 1.0, 2.0, 1.0, 5.558333
20.0, 8.0, -1.0, 1.0, 1.0, 5.0, 0.33333334, 5.836333
20.0, 8.0, -1.0, 1.0, 1.0, 10.0, 1.0, 5.564333
20.0, 8.0, -1.0, 1.0, 2.0, 1.0, 1.0, 5.7583337
20.0, 8.0, -1.0, 1.0, 2.0, 2.0, 0.33333334, 6.225
20.0, 8.0, -1.0, 1.0, 2.0, 5.0, 0.33333334, 5.525001
20.0, 8.0, -1.0, 1.0, 2.0, 10.0, 1.0, 5.5416665
20.0, 8.0, -1.0, 1.0, 5.0, 1.0, 0.33333334, 5.7719994
20.0, 8.0, -1.0, 1.0, 5.0, 2.0, 0.33333334, 5.5750003
20.0, 8.0, -1.0, 1.0, 5.0, 5.0, 0.6666667, 6.061333
20.0, 8.0, -1.0, 1.0, 5.0, 10.0, 0.0, 5.591667
20.0, 8.0, -1.0, 1.0, 10.0, 1.0, 0.6666667, 5.5750003
20.0, 8.0, -1.0, 1.0, 10.0, 2.0, 0.6666667, 5.8729997
20.0, 8.0, -1.0, 1.0, 10.0, 5.0, 0.0, 5.6310005
20.0, 8.0, -1.0, 1.0, 10.0, 10.0, 0.0, 5.8273335
20.0, 8.0, -1.0, 2.0, 1.0, 1.0, 0.6666667, 5.5916667
20.0, 8.0, -1.0, 2.0, 1.0, 2.0, 0.0, 5.833
20.0, 8.0, -1.0, 2.0, 1.0, 5.0, 0.6666667, 5.581
20.0, 8.0, -1.0, 2.0, 1.0, 10.0, 0.33333334, 5.5766664
20.0, 8.0, -1.0, 2.0, 2.0, 1.0, 0.33333334, 5.7906666
20.0, 8.0, -1.0, 2.0, 2.0, 2.0, 0.6666667, 5.6083336
20.0, 8.0, -1.0, 2.0, 2.0, 5.0, 0.6666667, 5.558333
20.0, 8.0, -1.0, 2.0, 2.0, 10.0, 0.33333334, 5.558334
20.0, 8.0, -1.0, 2.0, 5.0, 1.0, 0.33333334, 6.0416665
20.0, 8.0, -1.0, 2.0, 5.0, 2.0, 0.0, 5.5750003
20.0, 8.0, -1.0, 2.0, 5.0, 5.0, 0.6666667, 5.6066666
20.0, 8.0, -1.0, 2.0, 5.0, 10.0, 0.6666667, 5.558333
20.0, 8.0, -1.0, 2.0, 10.0, 1.0, 0.0, 5.6083336
20.0, 8.0, -1.0, 2.0, 10.0, 2.0, 0.6666667, 5.5820003
20.0, 8.0, -1.0, 2.0, 10.0, 5.0, 0.6666667, 5.596333
20.0, 8.0, -1.0, 2.0, 10.0, 10.0, 0.0, 6.191666
20.0, 8.0, -1.0, 3.0, 1.0, 1.0, 0.6666667, 5.558333
20.0, 8.0, -1.0, 3.0, 1.0, 2.0, 0.0, 5.6083336
20.0, 8.0, -1.0, 3.0, 1.0, 5.0, 0.0, 6.008333
20.0, 8.0, -1.0, 3.0, 1.0, 10.0, 0.33333334, 5.791666
20.0, 8.0, -1.0, 3.0, 2.0, 1.0, 1.0, 5.5750003
20.0, 8.0, -1.0, 3.0, 2.0, 2.0, 0.33333334, 5.6083336
20.0, 8.0, -1.0, 3.0, 2.0, 5.0, 0.6666667, 5.558333
20.0, 8.0, -1.0, 3.0, 2.0, 10.0, 0.6666667, 5.558333
20.0, 8.0, -1.0, 3.0, 5.0, 1.0, 1.0, 5.5416665
20.0, 8.0, -1.0, 3.0, 5.0, 2.0, 0.6666667, 5.5749993
20.0, 8.0, -1.0, 3.0, 5.0, 5.0, 0.6666667, 5.6083336
20.0, 8.0, -1.0, 3.0, 5.0, 10.0, 1.0, 5.558333
20.0, 8.0, -1.0, 3.0, 10.0, 1.0, 0.33333334, 5.5916667
20.0, 8.0, -1.0, 3.0, 10.0, 2.0, 0.6666667, 5.5916667
20.0, 8.0, -1.0, 3.0, 10.0, 5.0, 1.0, 5.537333
20.0, 8.0, -1.0, 3.0, 10.0, 10.0, 1.0, 5.5416665
20.0, 8.0, -1.0, 4.0, 1.0, 1.0, 0.6666667, 6.0709996
20.0, 8.0, -1.0, 4.0, 1.0, 2.0, 0.6666667, 5.766667
20.0, 8.0, -1.0, 4.0, 1.0, 5.0, 1.0, 5.558333
20.0, 8.0, -1.0, 4.0, 1.0, 10.0, 1.0, 5.549667
20.0, 8.0, -1.0, 4.0, 2.0, 1.0, 0.33333334, 5.5750003
20.0, 8.0, -1.0, 4.0, 2.0, 2.0, 0.0, 5.558334
20.0, 8.0, -1.0, 4.0, 2.0, 5.0, 0.6666667, 5.5916667
20.0, 8.0, -1.0, 4.0, 2.0, 10.0, 0.6666667, 5.5796676
20.0, 8.0, -1.0, 4.0, 5.0, 1.0, 0.33333334, 5.5416665
20.0, 8.0, -1.0, 4.0, 5.0, 2.0, 0.33333334, 5.601667
20.0, 8.0, -1.0, 4.0, 5.0, 5.0, 1.0, 5.6176667
20.0, 8.0, -1.0, 4.0, 5.0, 10.0, 0.6666667, 5.5796666
20.0, 8.0, -1.0, 4.0, 10.0, 1.0, 0.6666667, 5.597
20.0, 8.0, -1.0, 4.0, 10.0, 2.0, 0.33333334, 5.558333
20.0, 8.0, -1.0, 4.0, 10.0, 5.0, 0.33333334, 5.983666
20.0, 8.0, -1.0, 4.0, 10.0, 10.0, 0.6666667, 5.5826664
20.0, 8.0, -1.5, 1.0, 1.0, 1.0, 0.0, 5.591667
20.0, 8.0, -1.5, 1.0, 1.0, 2.0, 0.6666667, 5.5416665
20.0, 8.0, -1.5, 1.0, 1.0, 5.0, 0.0, 5.5779996
20.0, 8.0, -1.5, 1.0, 1.0, 10.0, 0.6666667, 5.6083336
20.0, 8.0, -1.5, 1.0, 2.0, 1.0, 0.33333334, 5.5416665
20.0, 8.0, -1.5, 1.0, 2.0, 2.0, 0.33333334, 5.603
20.0, 8.0, -1.5, 1.0, 2.0, 5.0, 1.0, 5.5650005
20.0, 8.0, -1.5, 1.0, 2.0, 10.0, 0.6666667, 5.6083336
20.0, 8.0, -1.5, 1.0, 5.0, 1.0, 0.33333334, 5.588333
20.0, 8.0, -1.5, 1.0, 5.0, 2.0, 0.33333334, 5.6359997
20.0, 8.0, -1.5, 1.0, 5.0, 5.0, 1.0, 5.5853333
20.0, 8.0, -1.5, 1.0, 5.0, 10.0, 0.33333334, 6.225
20.0, 8.0, -1.5, 1.0, 10.0, 1.0, 0.0, 5.5749993
20.0, 8.0, -1.5, 1.0, 10.0, 2.0, 0.6666667, 6.027333
20.0, 8.0, -1.5, 1.0, 10.0, 5.0, 0.6666667, 5.577333
20.0, 8.0, -1.5, 1.0, 10.0, 10.0, 0.33333334, 5.8053336
20.0, 8.0, -1.5, 2.0, 1.0, 1.0, 0.6666667, 5.5750003
20.0, 8.0, -1.5, 2.0, 1.0, 2.0, 0.33333334, 5.634333
20.0, 8.0, -1.5, 2.0, 1.0, 5.0, 0.0, 5.6083336
20.0, 8.0, -1.5, 2.0, 1.0, 10.0, 0.6666667, 5.593666
20.0, 8.0, -1.5, 2.0, 2.0, 1.0, 0.0, 5.836
20.0, 8.0, -1.5, 2.0, 2.0, 2.0, 1.0, 5.5416665
20.0, 8.0, -1.5, 2.0, 2.0, 5.0, 0.33333334, 5.5750003
20.0, 8.0, -1.5, 2.0, 2.0, 10.0, 0.33333334, 6.241667
20.0, 8.0, -1.5, 2.0, 5.0, 1.0, 1.0, 5.5416665
20.0, 8.0, -1.5, 2.0, 5.0, 2.0, 0.6666667, 5.558333
20.0, 8.0, -1.5, 2.0, 5.0, 5.0, 0.6666667, 5.5750003
20.0, 8.0, -1.5, 2.0, 5.0, 10.0, 0.6666667, 5.5416665
20.0, 8.0, -1.5, 2.0, 10.0, 1.0, 1.0, 5.6266665
20.0, 8.0, -1.5, 2.0, 10.0, 2.0, 0.33333334, 5.6429996
20.0, 8.0, -1.5, 2.0, 10.0, 5.0, 0.33333334, 5.581
20.0, 8.0, -1.5, 2.0, 10.0, 10.0, 0.33333334, 5.788
20.0, 8.0, -1.5, 3.0, 1.0, 1.0, 0.33333334, 6.015667
20.0, 8.0, -1.5, 3.0, 1.0, 2.0, 0.6666667, 5.5750003
20.0, 8.0, -1.5, 3.0, 1.0, 5.0, 0.6666667, 5.8176665
20.0, 8.0, -1.5, 3.0, 1.0, 10.0, 0.0, 5.8406663
20.0, 8.0, -1.5, 3.0, 2.0, 1.0, 0.0, 5.558334
20.0, 8.0, -1.5, 3.0, 2.0, 2.0, 1.0, 5.565666
20.0, 8.0, -1.5, 3.0, 2.0, 5.0, 0.33333334, 5.5813336
20.0, 8.0, -1.5, 3.0, 2.0, 10.0, 0.6666667, 5.827
20.0, 8.0, -1.5, 3.0, 5.0, 1.0, 0.6666667, 5.6299996
20.0, 8.0, -1.5, 3.0, 5.0, 2.0, 0.6666667, 6.0359993
20.0, 8.0, -1.5, 3.0, 5.0, 5.0, 0.6666667, 5.6253333
20.0, 8.0, -1.5, 3.0, 5.0, 10.0, 0.33333334, 5.5916667
20.0, 8.0, -1.5, 3.0, 10.0, 1.0, 1.0, 5.6083336
20.0, 8.0, -1.5, 3.0, 10.0, 2.0, 0.6666667, 5.5749993
20.0, 8.0, -1.5, 3.0, 10.0, 5.0, 0.33333334, 5.808333
20.0, 8.0, -1.5, 3.0, 10.0, 10.0, 0.33333334, 6.258333
20.0, 8.0, -1.5, 4.0, 1.0, 1.0, 0.33333334, 6.049667
20.0, 8.0, -1.5, 4.0, 1.0, 2.0, 0.6666667, 5.558333
20.0, 8.0, -1.5, 4.0, 1.0, 5.0, 1.0, 5.6083336
20.0, 8.0, -1.5, 4.0, 1.0, 10.0, 0.0, 5.594333
20.0, 8.0, -1.5, 4.0, 2.0, 1.0, 0.6666667, 5.558333
20.0, 8.0, -1.5, 4.0, 2.0, 2.0, 0.33333334, 5.776333
20.0, 8.0, -1.5, 4.0, 2.0, 5.0, 0.0, 5.558333
20.0, 8.0, -1.5, 4.0, 2.0, 10.0, 0.33333334, 5.5916667
20.0, 8.0, -1.5, 4.0, 5.0, 1.0, 0.33333334, 5.9880004
20.0, 8.0, -1.5, 4.0, 5.0, 2.0, 0.0, 5.6083336
20.0, 8.0, -1.5, 4.0, 5.0, 5.0, 0.33333334, 5.5633335
20.0, 8.0, -1.5, 4.0, 5.0, 10.0, 0.0, 5.5750003
20.0, 8.0, -1.5, 4.0, 10.0, 1.0, 0.6666667, 5.558333
20.0, 8.0, -1.5, 4.0, 10.0, 2.0, 0.0, 5.5750003
20.0, 8.0, -1.5, 4.0, 10.0, 5.0, 1.0, 5.6663327
20.0, 8.0, -1.5, 4.0, 10.0, 10.0, 0.33333334, 5.558333
20.0, 8.0, -2.0, 1.0, 1.0, 1.0, 0.33333334, 6.0106673
20.0, 8.0, -2.0, 1.0, 1.0, 2.0, 0.6666667, 5.5750003
20.0, 8.0, -2.0, 1.0, 1.0, 5.0, 0.33333334, 6.0416665
20.0, 8.0, -2.0, 1.0, 1.0, 10.0, 0.33333334, 5.6049995
20.0, 8.0, -2.0, 1.0, 2.0, 1.0, 0.33333334, 5.5750003
20.0, 8.0, -2.0, 1.0, 2.0, 2.0, 0.6666667, 5.780334
20.0, 8.0, -2.0, 1.0, 2.0, 5.0, 0.6666667, 5.5750003
20.0, 8.0, -2.0, 1.0, 2.0, 10.0, 1.0, 5.591667
20.0, 8.0, -2.0, 1.0, 5.0, 1.0, 0.6666667, 5.6083336
20.0, 8.0, -2.0, 1.0, 5.0, 2.0, 0.33333334, 5.5796666
20.0, 8.0, -2.0, 1.0, 5.0, 5.0, 0.33333334, 5.594
20.0, 8.0, -2.0, 1.0, 5.0, 10.0, 0.33333334, 5.6083336
20.0, 8.0, -2.0, 1.0, 10.0, 1.0, 0.33333334, 5.558333
20.0, 8.0, -2.0, 1.0, 10.0, 2.0, 1.0, 5.6269994
20.0, 8.0, -2.0, 1.0, 10.0, 5.0, 1.0, 5.6083336
20.0, 8.0, -2.0, 1.0, 10.0, 10.0, 0.6666667, 5.6153336
20.0, 8.0, -2.0, 2.0, 1.0, 1.0, 0.33333334, 5.5620003
20.0, 8.0, -2.0, 2.0, 1.0, 2.0, 1.0, 5.6083336
20.0, 8.0, -2.0, 2.0, 1.0, 5.0, 0.6666667, 5.5916667
20.0, 8.0, -2.0, 2.0, 1.0, 10.0, 0.6666667, 5.5416665
20.0, 8.0, -2.0, 2.0, 2.0, 1.0, 0.33333334, 5.611
20.0, 8.0, -2.0, 2.0, 2.0, 2.0, 0.0, 5.525001
20.0, 8.0, -2.0, 2.0, 2.0, 5.0, 1.0, 5.6073337
20.0, 8.0, -2.0, 2.0, 2.0, 10.0, 0.33333334, 5.801333
20.0, 8.0, -2.0, 2.0, 5.0, 1.0, 0.6666667, 5.591667
20.0, 8.0, -2.0, 2.0, 5.0, 2.0, 1.0, 5.5660005
20.0, 8.0, -2.0, 2.0, 5.0, 5.0, 0.6666667, 5.604
20.0, 8.0, -2.0, 2.0, 5.0, 10.0, 0.6666667, 5.5716667
20.0, 8.0, -2.0, 2.0, 10.0, 1.0, 0.0, 5.6179996
20.0, 8.0, -2.0, 2.0, 10.0, 2.0, 0.6666667, 5.6083336
20.0, 8.0, -2.0, 2.0, 10.0, 5.0, 0.0, 5.581
20.0, 8.0, -2.0, 2.0, 10.0, 10.0, 0.0, 5.8343334
20.0, 8.0, -2.0, 3.0, 1.0, 1.0, 1.0, 5.5916667
20.0, 8.0, -2.0, 3.0, 1.0, 2.0, 1.0, 5.5416665
20.0, 8.0, -2.0, 3.0, 1.0, 5.0, 0.33333334, 6.2250004
20.0, 8.0, -2.0, 3.0, 1.0, 10.0, 0.33333334, 5.780334
20.0, 8.0, -2.0, 3.0, 2.0, 1.0, 0.6666667, 5.815333
20.0, 8.0, -2.0, 3.0, 2.0, 2.0, 0.6666667, 5.5556664
20.0, 8.0, -2.0, 3.0, 2.0, 5.0, 0.33333334, 5.5416665
20.0, 8.0, -2.0, 3.0, 2.0, 10.0, 0.6666667, 5.6083336
20.0, 8.0, -2.0, 3.0, 5.0, 1.0, 0.6666667, 5.8156667
20.0, 8.0, -2.0, 3.0, 5.0, 2.0, 0.6666667, 5.6083336
20.0, 8.0, -2.0, 3.0, 5.0, 5.0, 0.0, 5.5916667
20.0, 8.0, -2.0, 3.0, 5.0, 10.0, 0.6666667, 5.5416665
20.0, 8.0, -2.0, 3.0, 10.0, 1.0, 0.33333334, 5.787334
20.0, 8.0, -2.0, 3.0, 10.0, 2.0, 1.0, 5.619667
20.0, 8.0, -2.0, 3.0, 10.0, 5.0, 0.6666667, 5.574
20.0, 8.0, -2.0, 3.0, 10.0, 10.0, 0.0, 5.8343334
20.0, 8.0, -2.0, 4.0, 1.0, 1.0, 0.6666667, 5.5783334
20.0, 8.0, -2.0, 4.0, 1.0, 2.0, 0.33333334, 5.5816665
20.0, 8.0, -2.0, 4.0, 1.0, 5.0, 0.33333334, 5.5853333
20.0, 8.0, -2.0, 4.0, 1.0, 10.0, 0.33333334, 5.559
20.0, 8.0, -2.0, 4.0, 2.0, 1.0, 0.33333334, 5.559666
20.0, 8.0, -2.0, 4.0, 2.0, 2.0, 1.0, 6.241667
20.0, 8.0, -2.0, 4.0, 2.0, 5.0, 1.0, 5.6083336
20.0, 8.0, -2.0, 4.0, 2.0, 10.0, 0.6666667, 5.6286664
20.0, 8.0, -2.0, 4.0, 5.0, 1.0, 1.0, 5.5990005
20.0, 8.0, -2.0, 4.0, 5.0, 2.0, 0.6666667, 5.558333
20.0, 8.0, -2.0, 4.0, 5.0, 5.0, 1.0, 5.5416665
20.0, 8.0, -2.0, 4.0, 5.0, 10.0, 0.33333334, 6.2250004
20.0, 8.0, -2.0, 4.0, 10.0, 1.0, 1.0, 5.637667
20.0, 8.0, -2.0, 4.0, 10.0, 2.0, 0.6666667, 5.5919995
20.0, 8.0, -2.0, 4.0, 10.0, 5.0, 1.0, 5.6083336
20.0, 8.0, -2.0, 4.0, 10.0, 10.0, 0.0, 5.8003335
20.0, 10.0, -0.5, 1.0, 1.0, 1.0, 0.33333334, 5.975
20.0, 10.0, -0.5, 1.0, 1.0, 2.0, 0.6666667, 6.004
20.0, 10.0, -0.5, 1.0, 1.0, 5.0, 0.0, 5.6049995
20.0, 10.0, -0.5, 1.0, 1.0, 10.0, 1.0, 5.5916667
20.0, 10.0, -0.5, 1.0, 2.0, 1.0, 0.6666667, 5.7916665
20.0, 10.0, -0.5, 1.0, 2.0, 2.0, 0.0, 5.626667
20.0, 10.0, -0.5, 1.0, 2.0, 5.0, 0.33333334, 5.525001
20.0, 10.0, -0.5, 1.0, 2.0, 10.0, 0.0, 5.6083336
20.0, 10.0, -0.5, 1.0, 5.0, 1.0, 0.0, 5.6393332
20.0, 10.0, -0.5, 1.0, 5.0, 2.0, 0.6666667, 5.5416665
20.0, 10.0, -0.5, 1.0, 5.0, 5.0, 0.6666667, 5.832333
20.0, 10.0, -0.5, 1.0, 5.0, 10.0, 0.33333334, 5.602333
20.0, 10.0, -0.5, 1.0, 10.0, 1.0, 0.0, 5.581333
20.0, 10.0, -0.5, 1.0, 10.0, 2.0, 0.0, 5.8430004
20.0, 10.0, -0.5, 1.0, 10.0, 5.0, 0.6666667, 5.6083336
20.0, 10.0, -0.5, 1.0, 10.0, 10.0, 0.33333334, 5.6059995
20.0, 10.0, -0.5, 2.0, 1.0, 1.0, 0.33333334, 5.5626664
20.0, 10.0, -0.5, 2.0, 1.0, 2.0, 0.6666667, 6.0329995
20.0, 10.0, -0.5, 2.0, 1.0, 5.0, 0.6666667, 5.558333
20.0, 10.0, -0.5, 2.0, 1.0, 10.0, 0.6666667, 5.991667
20.0, 10.0, -0.5, 2.0, 2.0, 1.0, 0.33333334, 5.558334
20.0, 10.0, -0.5, 2.0, 2.0, 2.0, 0.0, 6.2083325
20.0, 10.0, -0.5, 2.0, 2.0, 5.0, 1.0, 6.0329995
20.0, 10.0, -0.5, 2.0, 2.0, 10.0, 0.0, 5.603
20.0, 10.0, -0.5, 2.0, 5.0, 1.0, 1.0, 5.525001
20.0, 10.0, -0.5, 2.0, 5.0, 2.0, 0.33333334, 5.599666
20.0, 10.0, -0.5, 2.0, 5.0, 5.0, 0.33333334, 5.6083336
20.0, 10.0, -0.5, 2.0, 5.0, 10.0, 1.0, 5.9826665
20.0, 10.0, -0.5, 2.0, 10.0, 1.0, 1.0, 5.7833333
20.0, 10.0, -0.5, 2.0, 10.0, 2.0, 0.0, 5.8416667
20.0, 10.0, -0.5, 2.0, 10.0, 5.0, 0.33333334, 5.8249993
20.0, 10.0, -0.5, 2.0, 10.0, 10.0, 1.0, 5.6083336
20.0, 10.0, -0.5, 3.0, 1.0, 1.0, 0.33333334, 5.5416665
20.0, 10.0, -0.5, 3.0, 1.0, 2.0, 0.6666667, 5.569
20.0, 10.0, -0.5, 3.0, 1.0, 5.0, 0.6666667, 5.5416665
20.0, 10.0, -0.5, 3.0, 1.0, 10.0, 0.33333334, 5.5906672
20.0, 10.0, -0.5, 3.0, 2.0, 1.0, 0.6666667, 5.5416665
20.0, 10.0, -0.5, 3.0, 2.0, 2.0, 0.6666667, 5.6083336
20.0, 10.0, -0.5, 3.0, 2.0, 5.0, 0.6666667, 5.6083336
20.0, 10.0, -0.5, 3.0, 2.0, 10.0, 0.6666667, 5.829
20.0, 10.0, -0.5, 3.0, 5.0, 1.0, 0.33333334, 5.614
20.0, 10.0, -0.5, 3.0, 5.0, 2.0, 0.6666667, 5.5750003
20.0, 10.0, -0.5, 3.0, 5.0, 5.0, 0.6666667, 5.758333
20.0, 10.0, -0.5, 3.0, 5.0, 10.0, 1.0, 5.6083336
20.0, 10.0, -0.5, 3.0, 10.0, 1.0, 1.0, 5.8109994
20.0, 10.0, -0.5, 3.0, 10.0, 2.0, 0.6666667, 5.558333
20.0, 10.0, -0.5, 3.0, 10.0, 5.0, 0.6666667, 5.6083336
20.0, 10.0, -0.5, 3.0, 10.0, 10.0, 1.0, 5.5416665
20.0, 10.0, -0.5, 4.0, 1.0, 1.0, 1.0, 5.600666
20.0, 10.0, -0.5, 4.0, 1.0, 2.0, 1.0, 5.630667
20.0, 10.0, -0.5, 4.0, 1.0, 5.0, 1.0, 5.6060004
20.0, 10.0, -0.5, 4.0, 1.0, 10.0, 0.6666667, 5.6083336
20.0, 10.0, -0.5, 4.0, 2.0, 1.0, 0.6666667, 5.525001
20.0, 10.0, -0.5, 4.0, 2.0, 2.0, 1.0, 5.558333
20.0, 10.0, -0.5, 4.0, 2.0, 5.0, 0.6666667, 5.6150002
20.0, 10.0, -0.5, 4.0, 2.0, 10.0, 0.33333334, 6.2416673
20.0, 10.0, -0.5, 4.0, 5.0, 1.0, 1.0, 5.558333
20.0, 10.0, -0.5, 4.0, 5.0, 2.0, 1.0, 5.808333
20.0, 10.0, -0.5, 4.0, 5.0, 5.0, 1.0, 5.5416665
20.0, 10.0, -0.5, 4.0, 5.0, 10.0, 0.33333334, 5.5750003
20.0, 10.0, -0.5, 4.0, 10.0, 1.0, 1.0, 5.8343334
20.0, 10.0, -0.5, 4.0, 10.0, 2.0, 0.6666667, 5.8296666
20.0, 10.0, -0.5, 4.0, 10.0, 5.0, 0.0, 5.975
20.0, 10.0, -0.5, 4.0, 10.0, 10.0, 0.0, 5.5916667
20.0, 10.0, -1.0, 1.0, 1.0, 1.0, 0.6666667, 5.5896664
20.0, 10.0, -1.0, 1.0, 1.0, 2.0, 0.6666667, 6.0500007
20.0, 10.0, -1.0, 1.0, 1.0, 5.0, 0.33333334, 5.6253333
20.0, 10.0, -1.0, 1.0, 1.0, 10.0, 1.0, 5.542
20.0, 10.0, -1.0, 1.0, 2.0, 1.0, 1.0, 5.574333
20.0, 10.0, -1.0, 1.0, 2.0, 2.0, 0.6666667, 5.558333
20.0, 10.0, -1.0, 1.0, 2.0, 5.0, 0.33333334, 5.5639997
20.0, 10.0, -1.0, 1.0, 2.0, 10.0, 0.0, 5.605667
20.0, 10.0, -1.0, 1.0, 5.0, 1.0, 0.6666667, 5.7583337
20.0, 10.0, -1.0, 1.0, 5.0, 2.0, 0.6666667, 5.5416665
20.0, 10.0, -1.0, 1.0, 5.0, 5.0, 0.0, 5.630333
20.0, 10.0, -1.0, 1.0, 5.0, 10.0, 0.33333334, 5.6083336
20.0, 10.0, -1.0, 1.0, 10.0, 1.0, 0.33333334, 5.558333
20.0, 10.0, -1.0, 1.0, 10.0, 2.0, 0.6666667, 5.6083336
20.0, 10.0, -1.0, 1.0, 10.0, 5.0, 0.6666667, 5.6083336
20.0, 10.0, -1.0, 1.0, 10.0, 10.0, 0.33333334, 5.578333
20.0, 10.0, -1.0, 2.0, 1.0, 1.0, 1.0, 5.7883334
20.0, 10.0, -1.0, 2.0, 1.0, 2.0, 0.6666667, 5.6083336
20.0, 10.0, -1.0, 2.0, 1.0, 5.0, 1.0, 5.6083336
20.0, 10.0, -1.0, 2.0, 1.0, 10.0, 0.33333334, 5.591667
20.0, 10.0, -1.0, 2.0, 2.0, 1.0, 1.0, 5.6083336
20.0, 10.0, -1.0, 2.0, 2.0, 2.0, 1.0, 5.585333
20.0, 10.0, -1.0, 2.0, 2.0, 5.0, 0.33333334, 5.558334
20.0, 10.0, -1.0, 2.0, 2.0, 10.0, 0.6666667, 5.6083336
20.0, 10.0, -1.0, 2.0, 5.0, 1.0, 1.0, 5.556667
20.0, 10.0, -1.0, 2.0, 5.0, 2.0, 1.0, 5.5733333
20.0, 10.0, -1.0, 2.0, 5.0, 5.0, 0.0, 5.570334
20.0, 10.0, -1.0, 2.0, 5.0, 10.0, 0.6666667, 5.6083336
20.0, 10.0, -1.0, 2.0, 10.0, 1.0, 1.0, 5.6270003
20.0, 10.0, -1.0, 2.0, 10.0, 2.0, 0.6666667, 5.8250003
20.0, 10.0, -1.0, 2.0, 10.0, 5.0, 1.0, 5.6083336
20.0, 10.0, -1.0, 2.0, 10.0, 10.0, 0.33333334, 5.6083336
20.0, 10.0, -1.0, 3.0, 1.0, 1.0, 0.33333334, 5.558333
20.0, 10.0, -1.0, 3.0, 1.0, 2.0, 1.0, 5.594666
20.0, 10.0, -1.0, 3.0, 1.0, 5.0, 0.33333334, 5.8250003
20.0, 10.0, -1.0, 3.0, 1.0, 10.0, 0.6666667, 5.6083336
20.0, 10.0, -1.0, 3.0, 2.0, 1.0, 1.0, 5.5416665
20.0, 10.0, -1.0, 3.0, 2.0, 2.0, 1.0, 5.6136665
20.0, 10.0, -1.0, 3.0, 2.0, 5.0, 0.6666667, 5.637999
20.0, 10.0, -1.0, 3.0, 2.0, 10.0, 0.6666667, 5.5416665
20.0, 10.0, -1.0, 3.0, 5.0, 1.0, 0.33333334, 5.84
20.0, 10.0, -1.0, 3.0, 5.0, 2.0, 1.0, 5.6346664
20.0, 10.0, -1.0, 3.0, 5.0, 5.0, 0.6666667, 5.558333
20.0, 10.0, -1.0, 3.0, 5.0, 10.0, 0.33333334, 6.2083335
20.0, 10.0, -1.0, 3.0, 10.0, 1.0, 0.6666667, 5.5416665
20.0, 10.0, -1.0, 3.0, 10.0, 2.0, 0.33333334, 5.558333
20.0, 10.0, -1.0, 3.0, 10.0, 5.0, 0.33333334, 5.6106668
20.0, 10.0, -1.0, 3.0, 10.0, 10.0, 0.6666667, 5.591667
20.0, 10.0, -1.0, 4.0, 1.0, 1.0, 0.33333334, 5.8053336
20.0, 10.0, -1.0, 4.0, 1.0, 2.0, 0.6666667, 5.6253333
20.0, 10.0, -1.0, 4.0, 1.0, 5.0, 0.6666667, 5.5416665
20.0, 10.0, -1.0, 4.0, 1.0, 10.0, 0.33333334, 5.5416665
20.0, 10.0, -1.0, 4.0, 2.0, 1.0, 0.0, 6.0173335
20.0, 10.0, -1.0, 4.0, 2.0, 2.0, 1.0, 5.9856663
20.0, 10.0, -1.0, 4.0, 2.0, 5.0, 0.0, 5.816667
20.0, 10.0, -1.0, 4.0, 2.0, 10.0, 1.0, 5.5786667
20.0, 10.0, -1.0, 4.0, 5.0, 1.0, 0.6666667, 5.6083336
20.0, 10.0, -1.0, 4.0, 5.0, 2.0, 0.6666667, 5.612667
20.0, 10.0, -1.0, 4.0, 5.0, 5.0, 0.33333334, 6.0119996
20.0, 10.0, -1.0, 4.0, 5.0, 10.0, 0.33333334, 5.558334
20.0, 10.0, -1.0, 4.0, 10.0, 1.0, 0.0, 5.5416665
20.0, 10.0, -1.0, 4.0, 10.0, 2.0, 0.33333334, 5.558333
20.0, 10.0, -1.0, 4.0, 10.0, 5.0, 0.0, 5.5916667
20.0, 10.0, -1.0, 4.0, 10.0, 10.0, 0.6666667, 5.558333
20.0, 10.0, -1.5, 1.0, 1.0, 1.0, 0.0, 5.5416665
20.0, 10.0, -1.5, 1.0, 1.0, 2.0, 1.0, 6.0143337
20.0, 10.0, -1.5, 1.0, 1.0, 5.0, 0.0, 5.5749993
20.0, 10.0, -1.5, 1.0, 1.0, 10.0, 0.33333334, 5.5916667
20.0, 10.0, -1.5, 1.0, 2.0, 1.0, 0.33333334, 6.0393333
20.0, 10.0, -1.5, 1.0, 2.0, 2.0, 0.0, 5.5749993
20.0, 10.0, -1.5, 1.0, 2.0, 5.0, 0.33333334, 5.8129997
20.0, 10.0, -1.5, 1.0, 2.0, 10.0, 0.6666667, 5.8263335
20.0, 10.0, -1.5, 1.0, 5.0, 1.0, 0.33333334, 5.7596664
20.0, 10.0, -1.5, 1.0, 5.0, 2.0, 1.0, 5.5916667
20.0, 10.0, -1.5, 1.0, 5.0, 5.0, 0.33333334, 5.5750003
20.0, 10.0, -1.5, 1.0, 5.0, 10.0, 0.33333334, 5.609999
20.0, 10.0, -1.5, 1.0, 10.0, 1.0, 0.33333334, 5.5750003
20.0, 10.0, -1.5, 1.0, 10.0, 2.0, 0.6666667, 5.838333
20.0, 10.0, -1.5, 1.0, 10.0, 5.0, 0.33333334, 5.7986665
20.0, 10.0, -1.5, 1.0, 10.0, 10.0, 0.6666667, 5.808334
20.0, 10.0, -1.5, 2.0, 1.0, 1.0, 1.0, 5.558333
20.0, 10.0, -1.5, 2.0, 1.0, 2.0, 0.6666667, 5.579
20.0, 10.0, -1.5, 2.0, 1.0, 5.0, 0.6666667, 5.5849996
20.0, 10.0, -1.5, 2.0, 1.0, 10.0, 0.33333334, 5.5416665
20.0, 10.0, -1.5, 2.0, 2.0, 1.0, 0.33333334, 5.5916667
20.0, 10.0, -1.5, 2.0, 2.0, 2.0, 0.33333334, 5.5503335
20.0, 10.0, -1.5, 2.0, 2.0, 5.0, 1.0, 6.2083335
20.0, 10.0, -1.5, 2.0, 2.0, 10.0, 0.6666667, 5.561667
20.0, 10.0, -1.5, 2.0, 5.0, 1.0, 0.0, 5.992333
20.0, 10.0, -1.5, 2.0, 5.0, 2.0, 0.33333334, 5.558333
20.0, 10.0, -1.5, 2.0, 5.0, 5.0, 0.6666667, 6.025
20.0, 10.0, -1.5, 2.0, 5.0, 10.0, 0.33333334, 5.6126666
20.0, 10.0, -1.5, 2.0, 10.0, 1.0, 0.33333334, 5.558333
20.0, 10.0, -1.5, 2.0, 10.0, 2.0, 0.6666667, 5.5749993
20.0, 10.0, -1.5, 2.0, 10.0, 5.0, 0.6666667, 5.814667
20.0, 10.0, -1.5, 2.0, 10.0, 10.0, 1.0, 5.6083336
20.0, 10.0, -1.5, 3.0, 1.0, 1.0, 0.6666667, 6.0659995
20.0, 10.0, -1.5, 3.0, 1.0, 2.0, 0.33333334, 5.5749993
20.0, 10.0, -1.5, 3.0, 1.0, 5.0, 1.0, 5.558333
20.0, 10.0, -1.5, 3.0, 1.0, 10.0, 0.0, 5.6159997
20.0, 10.0, -1.5, 3.0, 2.0, 1.0, 0.6666667, 5.5416665
20.0, 10.0, -1.5, 3.0, 2.0, 2.0, 0.0, 6.0296664
20.0, 10.0, -1.5, 3.0, 2.0, 5.0, 1.0, 5.6083336
20.0, 10.0, -1.5, 3.0, 2.0, 10.0, 0.33333334, 5.5416665
20.0, 10.0, -1.5, 3.0, 5.0, 1.0, 1.0, 5.5640006
20.0, 10.0, -1.5, 3.0, 5.0, 2.0, 1.0, 5.6083336
20.0, 10.0, -1.5, 3.0, 5.0, 5.0, 0.6666667, 6.225
20.0, 10.0, -1.5, 3.0, 5.0, 10.0, 0.33333334, 6.0416665
20.0, 10.0, -1.5, 3.0, 10.0, 1.0, 0.6666667, 6.0629997
20.0, 10.0, -1.5, 3.0, 10.0, 2.0, 1.0, 5.6083336
20.0, 10.0, -1.5, 3.0, 10.0, 5.0, 0.33333334, 5.561333
20.0, 10.0, -1.5, 3.0, 10.0, 10.0, 0.0, 5.8126664
20.0, 10.0, -1.5, 4.0, 1.0, 1.0, 0.6666667, 5.769999
20.0, 10.0, -1.5, 4.0, 1.0, 2.0, 0.33333334, 5.558333
20.0, 10.0, -1.5, 4.0, 1.0, 5.0, 1.0, 5.558333
20.0, 10.0, -1.5, 4.0, 1.0, 10.0, 0.6666667, 5.5423336
20.0, 10.0, -1.5, 4.0, 2.0, 1.0, 0.6666667, 5.591667
20.0, 10.0, -1.5, 4.0, 2.0, 2.0, 0.0, 5.558333
20.0, 10.0, -1.5, 4.0, 2.0, 5.0, 0.6666667, 5.6060004
20.0, 10.0, -1.5, 4.0, 2.0, 10.0, 0.6666667, 5.5416665
20.0, 10.0, -1.5, 4.0, 5.0, 1.0, 0.33333334, 5.5750003
20.0, 10.0, -1.5, 4.0, 5.0, 2.0, 1.0, 5.6083336
20.0, 10.0, -1.5, 4.0, 5.0, 5.0, 1.0, 6.224999
20.0, 10.0, -1.5, 4.0, 5.0, 10.0, 0.33333334, 5.6083336
20.0, 10.0, -1.5, 4.0, 10.0, 1.0, 0.33333334, 5.5416665
20.0, 10.0, -1.5, 4.0, 10.0, 2.0, 0.33333334, 5.558333
20.0, 10.0, -1.5, 4.0, 10.0, 5.0, 1.0, 5.591667
20.0, 10.0, -1.5, 4.0, 10.0, 10.0, 0.0, 5.587667
20.0, 10.0, -2.0, 1.0, 1.0, 1.0, 0.6666667, 5.7936664
20.0, 10.0, -2.0, 1.0, 1.0, 2.0, 0.33333334, 5.5750003
20.0, 10.0, -2.0, 1.0, 1.0, 5.0, 0.0, 5.8763337
20.0, 10.0, -2.0, 1.0, 1.0, 10.0, 0.33333334, 5.648333
20.0, 10.0, -2.0, 1.0, 2.0, 1.0, 0.33333334, 5.6083336
20.0, 10.0, -2.0, 1.0, 2.0, 2.0, 0.6666667, 5.8276668
20.0, 10.0, -2.0, 1.0, 2.0, 5.0, 0.6666667, 5.5416665
20.0, 10.0, -2.0, 1.0, 2.0, 10.0, 0.6666667, 6.2083335
20.0, 10.0, -2.0, 1.0, 5.0, 1.0, 1.0, 5.558333
20.0, 10.0, -2.0, 1.0, 5.0, 2.0, 1.0, 5.591667
20.0, 10.0, -2.0, 1.0, 5.0, 5.0, 0.0, 5.5916667
20.0, 10.0, -2.0, 1.0, 5.0, 10.0, 0.0, 5.808333
20.0, 10.0, -2.0, 1.0, 10.0, 1.0, 0.6666667, 5.585667
20.0, 10.0, -2.0, 1.0, 10.0, 2.0, 0.33333334, 5.595333
20.0, 10.0, -2.0, 1.0, 10.0, 5.0, 0.6666667, 5.5609994
20.0, 10.0, -2.0, 1.0, 10.0, 10.0, 0.33333334, 5.6253333
20.0, 10.0, -2.0, 2.0, 1.0, 1.0, 0.0, 5.5916667
20.0, 10.0, -2.0, 2.0, 1.0, 2.0, 0.33333334, 5.6513333
20.0, 10.0, -2.0, 2.0, 1.0, 5.0, 0.6666667, 5.6496663
20.0, 10.0, -2.0, 2.0, 1.0, 10.0, 0.0, 5.775
20.0, 10.0, -2.0, 2.0, 2.0, 1.0, 1.0, 5.808333
20.0, 10.0, -2.0, 2.0, 2.0, 2.0, 0.33333334, 5.6083336
20.0, 10.0, -2.0, 2.0, 2.0, 5.0, 0.33333334, 5.5523334
20.0, 10.0, -2.0, 2.0, 2.0, 10.0, 0.33333334, 5.6
20.0, 10.0, -2.0, 2.0, 5.0, 1.0, 0.0, 5.6083336
20.0, 10.0, -2.0, 2.0, 5.0, 2.0, 0.33333334, 5.593
20.0, 10.0, -2.0, 2.0, 5.0, 5.0, 0.33333334, 6.068001
20.0, 10.0, -2.0, 2.0, 5.0, 10.0, 0.0, 6.191667
20.0, 10.0, -2.0, 2.0, 10.0, 1.0, 0.0, 5.558333
20.0, 10.0, -2.0, 2.0, 10.0, 2.0, 0.6666667, 5.7583337
20.0, 10.0, -2.0, 2.0, 10.0, 5.0, 0.6666667, 5.6083336
20.0, 10.0, -2.0, 2.0, 10.0, 10.0, 0.6666667, 6.2416663
20.0, 10.0, -2.0, 3.0, 1.0, 1.0, 1.0, 5.6006665
20.0, 10.0, -2.0, 3.0, 1.0, 2.0, 0.6666667, 5.5750003
20.0, 10.0, -2.0, 3.0, 1.0, 5.0, 1.0, 5.594667
20.0, 10.0, -2.0, 3.0, 1.0, 10.0, 0.33333334, 5.5749993
20.0, 10.0, -2.0, 3.0, 2.0, 1.0, 0.6666667, 5.5416665
20.0, 10.0, -2.0, 3.0, 2.0, 2.0, 0.6666667, 5.6003327
20.0, 10.0, -2.0, 3.0, 2.0, 5.0, 0.6666667, 5.6089997
20.0, 10.0, -2.0, 3.0, 2.0, 10.0, 0.6666667, 5.6083336
20.0, 10.0, -2.0, 3.0, 5.0, 1.0, 0.6666667, 6.045666
20.0, 10.0, -2.0, 3.0, 5.0, 2.0, 1.0, 5.525001
20.0, 10.0, -2.0, 3.0, 5.0, 5.0, 0.6666667, 5.5750003
20.0, 10.0, -2.0, 3.0, 5.0, 10.0, 0.6666667, 5.780334
20.0, 10.0, -2.0, 3.0, 10.0, 1.0, 1.0, 5.626
20.0, 10.0, -2.0, 3.0, 10.0, 2.0, 0.33333334, 5.817667
20.0, 10.0, -2.0, 3.0, 10.0, 5.0, 0.33333334, 5.825667
20.0, 10.0, -2.0, 3.0, 10.0, 10.0, 0.0, 5.6083336
20.0, 10.0, -2.0, 4.0, 1.0, 1.0, 0.33333334, 5.598667
20.0, 10.0, -2.0, 4.0, 1.0, 2.0, 0.6666667, 5.558334
20.0, 10.0, -2.0, 4.0, 1.0, 5.0, 1.0, 5.5416665
20.0, 10.0, -2.0, 4.0, 1.0, 10.0, 0.33333334, 5.558333
20.0, 10.0, -2.0, 4.0, 2.0, 1.0, 0.33333334, 5.5916667
20.0, 10.0, -2.0, 4.0, 2.0, 2.0, 0.33333334, 5.825667
20.0, 10.0, -2.0, 4.0, 2.0, 5.0, 0.0, 5.5749993
20.0, 10.0, -2.0, 4.0, 2.0, 10.0, 0.6666667, 6.191666
20.0, 10.0, -2.0, 4.0, 5.0, 1.0, 0.6666667, 5.558333
20.0, 10.0, -2.0, 4.0, 5.0, 2.0, 0.6666667, 5.563333
20.0, 10.0, -2.0, 4.0, 5.0, 5.0, 0.6666667, 5.558333
20.0, 10.0, -2.0, 4.0, 5.0, 10.0, 0.6666667, 5.625
20.0, 10.0, -2.0, 4.0, 10.0, 1.0, 0.0, 5.5906663
20.0, 10.0, -2.0, 4.0, 10.0, 2.0, 0.6666667, 5.5916667
20.0, 10.0, -2.0, 4.0, 10.0, 5.0, 1.0, 5.525001
20.0, 10.0, -2.0, 4.0, 10.0, 10.0, 0.33333334, 5.5916667
